0.0150588235294117	-0.0017225939764627027
0.020078431372549006	-0.0019028455523874691
0.0250980392156862	-0.0019979041123260786
0.030117647058823502	-0.0018299562250038046
0.0351372549019607	-0.0013532794310038392
0.040156862745098	-0.0007504712871854034
0.0451764705882353	-0.00008499693981904064
0.0501960784313725	0.0003105361600422005
0.0552156862745098	0.0002865400281325971
0.0602352941176473	-0.00004012966445217411
0.0652549019607843	-0.00027082599930145033
0.07027450980392129	-0.0000615195045430329
0.07529411764705929	0.00026057591024652657
0.0803137254901963	0.00045623054754031925
0.0853333333333333	0.0005656118231780633
0.09035294117647029	0.0008197810668529131
0.09537254901960832	0.0009141340030270602
0.1003921568627453	0.000664576981614046
0.10541176470588229	0.00022168693872605914
0.1104313725490193	0.00023323270985400318
0.1154509803921573	0.0005621880005417174
0.12047058823529429	0.0008515323234109294
0.12549019607843132	0.0008602816962487124
0.1305098039215683	0.0008056443141014302
0.1355294117647063	0.0009625484655850333
0.1405490196078433	0.0010382365986875146
0.14556862745098031	0.0008933668689648428
0.1505882352941173	0.0005853954944114684
0.1556078431372553	0.0003667408036087495
0.1606274509803923	0.0003332486474253139
0.1656470588235293	0.0004468606822156552
0.1706666666666663	0.0005416779030993108
0.1756862745098043	0.0006335542690750155
0.1807058823529413	0.0006072282868100226
0.18572549019607829	0.0005815844780974666
0.1907450980392153	0.0004394746462514985
0.1957647058823533	0.00015130649238232857
0.20078431372549033	0.00006354368377908663
0.20580392156862728	0.0001872996800154069
0.2108235294117643	0.00045955816190025784
0.21584313725490228	0.00048817739837569816
0.2208627450980393	0.00041566471884031046
0.2258823529411763	0.0004044253891281016
0.2309019607843133	0.00036666669722284096
0.23592156862745126	0.00022604727610343254
0.24094117647058833	0.00004671844329759951
0.24596078431372528	0.00002689201314439023
0.25098039215686224	0.0001615681374980918
0.2560000000000002	0.0003238987665849116
0.2610196078431373	0.00037398849766197013
0.2660392156862743	0.00022632212850233284
0.27105882352941124	0.000017225819219510125
0.27607843137254934	-0.00004456834464339784
0.2810980392156863	0.00008373703512298907
0.28611764705882325	0.0001788046956261489
0.29113725490196035	0.00019799127708237244
0.29615686274509834	0.0001867176622756907
0.3011764705882353	0.00020118777197860788
0.30619607843137225	0.00018340439643209355
0.3112156862745103	0.00011471135196642467
0.31623529411764734	0.00008936295856619196
0.3212549019607843	0.0001330025910009018
0.32627450980392125	0.0002475087667203542
0.33129411764705924	0.00029360970379265714
0.33631372549019634	0.00012980190519978609
0.34133333333333327	-0.00010005308754610142
0.34635294117647025	-0.00012878509681986944
0.35137254901960824	0.000031793774977188405
0.35639215686274534	0.00021125760243927768
0.36141176470588227	0.00021007098475518267
0.36643137254901925	0.00019457660267448775
0.37145098039215735	0.00010193817860876135
0.37647058823529433	-0.00001140776686293066
0.38149019607843127	-0.00018454035850774532
0.38650980392156836	-0.00018017340005559016
0.39152941176470635	0.000025890372816394748
0.39654901960784333	0.00033136064337412557
0.40156862745098026	0.0004651404600726345
0.40658823529411736	0.00032832557803231567
0.41160784313725535	0.00017206970136670496
0.4166274509803923	0.00014363106000038836
0.42164705882352926	0.00005849809020966715
0.42666666666666625	-0.00012392609418956612
0.43168627450980424	-0.00027262997731094466
0.4367058823529413	-0.00012856569081224015
0.44172549019607826	0.00012915160846497308
0.4467450980392153	0.00030946418107510463
0.45176470588235335	0.000278366363552109
0.4567843137254903	0.0000500309375118834
0.46180392156862726	-0.00017811038645263927
0.4668235294117643	-0.00021053454751890187
0.4718431372549023	-5.6137422183889065e-6
0.4768627450980393	0.00016323385870495934
0.48188235294117626	0.0003076153365956844
0.4869019607843133	0.00032844668150279504
0.4919215686274513	0.00025536137469347645
0.4969411764705883	-0.000019213234315599425
0.5019607843137253	-0.00021213717725442004
0.5069803921568623	-0.00016041804325149316
0.5120000000000003	0.00003675895360733921
0.5170196078431373	0.000014405393378859879
0.5220392156862742	-0.00017116848267849797
0.5270588235294112	-0.000185846803402039
0.5320784313725493	0.00007663796112520622
0.5370980392156862	0.0003835681382299456
0.5421176470588234	0.00035141078907439656
0.5471372549019603	0.00015028356824531685
0.5521568627450982	-0.00014018410011784672
0.5571764705882353	-0.00023246605268686487
0.5621960784313723	-0.0001095442232859123
0.5672156862745092	0.00007313906884884129
0.5722352941176473	0.00012037760512896719
0.5772549019607842	0.000012283212170678314
0.5822745098039213	-0.00004497154897306704