0.0150588235294117	-0.0017138304466526011
0.020078431372549006	-0.0017874237594567384
0.0250980392156862	-0.0016270841319286071
0.030117647058823502	-0.0013701097270852373
0.0351372549019607	-0.0010382218649017273
0.040156862745098	-0.0007785027774530401
0.0451764705882353	-0.0006759854222741803
0.0501960784313725	-0.0006207023181122664
0.0552156862745098	-0.0005776466298851702
0.0602352941176473	-0.0002270221202573753
0.0652549019607843	0.00024330386395606508
0.07027450980392129	0.0005056750857521442
0.07529411764705929	0.0004244783280109255
0.0803137254901963	0.0003064406131434513
0.0853333333333333	0.0004709302964378294
0.09035294117647029	0.0007727023486446523
0.09537254901960832	0.0009544942211735381
0.1003921568627453	0.00079252733434083
0.10541176470588229	0.0006069045591687897
0.1104313725490193	0.0005952840547539987
0.1154509803921573	0.000794697558047215
0.12047058823529429	0.0009573159455311459
0.12549019607843132	0.0009393102511500642
0.1305098039215683	0.0008051216694466235
0.1355294117647063	0.0006008400625142272
0.1405490196078433	0.000499362316567848
0.14556862745098031	0.0006205677804231621
0.1505882352941173	0.0007695695578618858
0.1556078431372553	0.0008611538312613609
0.1606274509803923	0.000796294915554708
0.1656470588235293	0.0006510479118908101
0.1706666666666663	0.0005092653711650079
0.1756862745098043	0.00028417767426055433
0.1807058823529413	0.00019872015781821262
0.18572549019607829	0.0001522485446129962
0.1907450980392153	0.00026457062789878505
0.1957647058823533	0.0003961552763362777
0.20078431372549033	0.0005311103461213403
0.20580392156862728	0.0007272978366170921
0.2108235294117643	0.0008652390262174525
0.21584313725490228	0.0008232759142858092
0.2208627450980393	0.00046498049840330705
0.2258823529411763	0.00012041952124677484
0.2309019607843133	0.000021350017345269325
0.23592156862745126	0.00011700879647581488
0.24094117647058833	0.00020189748966412938
0.24596078431372528	0.000077049687428723
0.25098039215686224	-0.000032319357987377345
0.2560000000000002	-0.000035383915944341156
0.2610196078431373	0.00003617563678528131
0.2660392156862743	0.00015110304924156892
0.27105882352941124	0.0001934671255845013
0.27607843137254934	0.0003428937025927427
0.2810980392156863	0.000375714277586131
0.28611764705882325	0.0003143990358405715
0.29113725490196035	0.00014926059636366268
0.29615686274509834	0.00005538578886528453
0.3011764705882353	0.00007900245659881067
0.30619607843137225	0.00010873254352949618
0.3112156862745103	0.00011505323436548916
0.31623529411764734	0.00011228358498945521
0.3212549019607843	0.00007977650529862884
0.32627450980392125	-2.764690073277648e-6
0.33129411764705924	-0.00011401179613366179
0.33631372549019634	-0.00005563704777790667
0.34133333333333327	0.000143060888626738
0.34635294117647025	0.0003861263750688883
0.35137254901960824	0.0004654186124662338
0.35639215686274534	0.0002613065976039887
0.36141176470588227	-0.00006438049830111724
0.36643137254901925	-0.0002906996662318305
0.37145098039215735	-0.0002658317843364928
0.37647058823529433	-0.00012341433135407894
0.38149019607843127	0.00016487126641148538
0.38650980392156836	0.00046400493242470056
0.39152941176470635	0.0004770903985016316
0.39654901960784333	0.000030516558971546123
0.40156862745098026	-0.00047207408172713565
0.40658823529411736	-0.0004911685967343097
0.41160784313725535	-0.00014766665837419524
0.4166274509803923	0.0001738611121953989
0.42164705882352926	0.00020413062557739548
0.42666666666666625	0.00018466726416371156
0.43168627450980424	0.00017029348274500997
0.4367058823529413	0.0001602012132731791
0.44172549019607826	0.0001491664343612261
0.4467450980392153	0.00010533058204074845
0.45176470588235335	0.0002940236813649882
0.4567843137254903	0.00035150502325931543
0.46180392156862726	0.00037971970829533464
0.4668235294117643	0.00012945020097703043
0.4718431372549023	-0.0001361046352455843
0.4768627450980393	-0.0003079987734327654
0.48188235294117626	-0.00037707086101687793
0.4869019607843133	-0.00018695722011622678
0.4919215686274513	-0.00002362795970432179
0.4969411764705883	0.00023482708138259793
0.5019607843137253	0.0002482388275404996
0.5069803921568623	0.0002416895819837156
0.5120000000000003	0.00017362905438335626
0.5170196078431373	0.00021559068590804912
0.5220392156862742	0.00030657522228797477
0.5270588235294112	0.00009968217006443336
0.5320784313725493	-0.0002468784763225066
0.5370980392156862	-0.00042942759196321957
0.5421176470588234	-0.00011670382359147406
0.5471372549019603	0.0003214289619877053
0.5521568627450982	0.0003502250622196085
0.5571764705882353	0.000052416885152926576
0.5621960784313723	-0.00030314468236058723
0.5672156862745092	-0.0003240601614416868
0.5722352941176473	-0.00003530830475402822
0.5772549019607842	0.0003393861188127445
0.5822745098039213	0.0005075845903617565