0.0150588235294117	-0.0017599087034053766
0.020078431372549006	-0.0015522702540725756
0.0250980392156862	-0.0015616316445217465
0.030117647058823502	-0.0015754271887117907
0.0351372549019607	-0.001404020615875914
0.040156862745098	-0.0010506843593654897
0.0451764705882353	-0.0005709463301446605
0.0501960784313725	-0.00022978288537390298
0.0552156862745098	-0.00010574153816909447
0.0602352941176473	-0.00007638518504789782
0.0652549019607843	-0.000037898189058698996
0.07027450980392129	0.00023999791887639372
0.07529411764705929	0.0005246794598492365
0.0803137254901963	0.00074633298055908
0.0853333333333333	0.0006889745110297299
0.09035294117647029	0.0004681715525917875
0.09537254901960832	0.0003422280928755876
0.1003921568627453	0.00041440283932579053
0.10541176470588229	0.0006151787645890684
0.1104313725490193	0.0007890578618508183
0.1154509803921573	0.0010005058830405524
0.12047058823529429	0.0011122339107170582
0.12549019607843132	0.0010624627070740732
0.1305098039215683	0.0008722325257089765
0.1355294117647063	0.000635818102973852
0.1405490196078433	0.0005437335263410785
0.14556862745098031	0.0005107908851078039
0.1505882352941173	0.0005632092151621137
0.1556078431372553	0.0005902520411819215
0.1606274509803923	0.0004729965115572035
0.1656470588235293	0.0003697623606913569
0.1706666666666663	0.0003890555038206913
0.1756862745098043	0.0005967237608348257
0.1807058823529413	0.0008191349586802821
0.18572549019607829	0.0008580058732750206
0.1907450980392153	0.0007522117049212675
0.1957647058823533	0.0005076227515776817
0.20078431372549033	0.00031182259815523927
0.20580392156862728	0.00019354662461033593
0.2108235294117643	0.0001997948213912234
0.21584313725490228	0.00020936682911818484
0.2208627450980393	0.0001834768664936985
0.2258823529411763	0.00017504014631805972
0.2309019607843133	0.00017643362613575174
0.23592156862745126	0.0001740208095726785
0.24094117647058833	0.0001479808520329672
0.24596078431372528	0.00017546610161478355
0.25098039215686224	0.0003173972400585316
0.2560000000000002	0.0004106850466421223
0.2610196078431373	0.00036038912739033805
0.2660392156862743	0.0002531053666742855
0.27105882352941124	0.00010251032476048789
0.27607843137254934	0.00004965058218331646
0.2810980392156863	-0.000022505529315884457
0.28611764705882325	0.00002116496768552422
0.29113725490196035	0.00009647211876044891
0.29615686274509834	0.00010999377311910201
0.3011764705882353	0.0001386576480050645
0.30619607843137225	0.00015613694157731977
0.3112156862745103	0.00025897867391840056
0.31623529411764734	0.00036352155556428474
0.3212549019607843	0.00036455175049899456
0.32627450980392125	0.0002783776556844836
0.33129411764705924	0.00012201377337333916
0.33631372549019634	0.00005678771988813796
0.34133333333333327	-0.000051635300919063786
0.34635294117647025	-0.00015950083786448084
0.35137254901960824	-0.00008011398093207829
0.35639215686274534	0.00017544334959750308
0.36141176470588227	0.00043189821524770584
0.36643137254901925	0.0003591213722556255
0.37145098039215735	0.0001317107357293493
0.37647058823529433	-0.00005242625089815598
0.38149019607843127	-0.00010178459690779396
0.38650980392156836	-0.00004761918045971754
0.39152941176470635	0.00011192497035621448
0.39654901960784333	0.00033202242479520196
0.40156862745098026	0.00044945113351821213
0.40658823529411736	0.00031074860821783966
0.41160784313725535	-0.000052767939652712205
0.4166274509803923	-0.0002562214713921986
0.42164705882352926	-0.0002686118104969934
0.42666666666666625	-0.00005216800999847683
0.43168627450980424	0.0000894477308703002
0.4367058823529413	0.0001492355089387616
0.44172549019607826	0.0003262843052458908
0.4467450980392153	0.0004946249946253146
0.45176470588235335	0.000514161716162443
0.4567843137254903	0.00018537866656450705
0.46180392156862726	-0.00019531326126255496
0.4668235294117643	-0.0003062687569594763
0.4718431372549023	-0.00020173160483195616
0.4768627450980393	-0.00003264144853682124
0.48188235294117626	0.000024848259898685723
0.4869019607843133	-0.00003419313296456633
0.4919215686274513	-0.000015977410196641966
0.4969411764705883	0.00009386707888534613
0.5019607843137253	0.0002556466290416976
0.5069803921568623	0.00021719591578751087
0.5120000000000003	0.00004826478266850859
0.5170196078431373	-0.00007988085149122258
0.5220392156862742	-0.00004106493900405107
0.5270588235294112	-0.00005444246085908715
0.5320784313725493	-0.00019229225667673222
0.5370980392156862	-0.0003069243506429773
0.5421176470588234	-0.0001282769454503176
0.5471372549019603	0.00019988412050922898
0.5521568627450982	0.0002783464045154601
0.5571764705882353	0.00015091066795212493
0.5621960784313723	0.00003399079687737753
0.5672156862745092	0.00019274150578333225
0.5722352941176473	0.0002313405161904931
0.5772549019607842	0.00013436950242121614
0.5822745098039213	-0.00015467609544651746