0.0150588235294117	-0.0003689507054535423
0.020078431372549006	0.0000714699887136923
0.0250980392156862	0.0003075843254828153
0.030117647058823502	0.00023651255614640532
0.0351372549019607	-0.000049340433893133396
0.040156862745098	-0.00011747385148171237
0.0451764705882353	0.000061025172621084554
0.0501960784313725	0.00044323596936302355
0.0552156862745098	0.0007464212923889698
0.0602352941176473	0.0007792912236256851
0.0652549019607843	0.0005208717666752483
0.07027450980392129	0.00025042713353956456
0.07529411764705929	0.00024605644300770434
0.0803137254901963	0.00041728774050526666
0.0853333333333333	0.00047968718077576265
0.09035294117647029	0.0005259870845450992
0.09537254901960832	0.0006958703097199694
0.1003921568627453	0.0008515741197631996
0.10541176470588229	0.0008573161874145058
0.1104313725490193	0.0004916400315065913
0.1154509803921573	0.00027489029486958737
0.12047058823529429	0.00032690409695295135
0.12549019607843132	0.0006507903925734058
0.1305098039215683	0.0007307453990837526
0.1355294117647063	0.00047089442211733373
0.1405490196078433	0.00013222266708486167
0.14556862745098031	0.00007596597176285388
0.1505882352941173	0.0003279181866350968
0.1556078431372553	0.0005429353539147778
0.1606274509803923	0.0006127372972029283
0.1656470588235293	0.0004374360208286021
0.1706666666666663	0.000354009955187406
0.1756862745098043	0.00041236281832133945
0.1807058823529413	0.0005348675277287002
0.18572549019607829	0.0004641407695597863
0.1907450980392153	0.00022960086883172583
0.1957647058823533	-2.151397292236544e-6
0.20078431372549033	-0.00017739026794880077
0.20580392156862728	-0.0001928390740952062
0.2108235294117643	-0.00006995323845707514
0.21584313725490228	0.00021891230585176146
0.2208627450980393	0.00041540094101659474
0.2258823529411763	0.00034272054651860806
0.2309019607843133	0.00026170455192175046
0.23592156862745126	0.00015978457508838105
0.24094117647058833	0.00022770328236675996
0.24596078431372528	0.0003218721076975164
0.25098039215686224	0.0003989328459502186
0.2560000000000002	0.00047976460981692226
0.2610196078431373	0.00038754137943850707
0.2660392156862743	0.0002526314995105454
0.27105882352941124	0.000011201530176018174
0.27607843137254934	-0.0002591928558061363
0.2810980392156863	-0.00044830539776747523
0.28611764705882325	-0.000475200925030436
0.29113725490196035	-0.0002590738215527911
0.29615686274509834	0.00012134395081783597
0.3011764705882353	0.0005402259183655836
0.30619607843137225	0.0007067579337552902
0.3112156862745103	0.00048504496911113516
0.31623529411764734	0.000041635339366162366
0.3212549019607843	-0.0002916634831917374
0.32627450980392125	-0.0002259613723483021
0.33129411764705924	0.00008263287679392448
0.33631372549019634	0.00043703149374621915
0.34133333333333327	0.0004927475116023516
0.34635294117647025	0.0002564666633829342
0.35137254901960824	0.000017766594153929682
0.35639215686274534	-0.00003962050176066554
0.36141176470588227	-0.000013396626294955811
0.36643137254901925	-0.00007440884557718943
0.37145098039215735	-0.00010297128669355822
0.37647058823529433	-0.00003593947329778955
0.38149019607843127	0.00007536344131833923
0.38650980392156836	-0.000017761008354241688
0.39152941176470635	-0.00013691706122404714
0.39654901960784333	-0.00006066896541638483
0.40156862745098026	0.00014386243197803334
0.40658823529411736	0.0003828278684990659
0.41160784313725535	0.0002419722120328541
0.4166274509803923	0.00011102568964796896
0.42164705882352926	0.00015676178916705646
0.42666666666666625	0.0003701229021560245
0.43168627450980424	0.0003824586124258455
0.4367058823529413	-0.00012327394325008147
0.44172549019607826	-0.0004880454370390666
0.4467450980392153	-0.0004536631977764542
0.45176470588235335	0.00006090104766622686
0.4567843137254903	0.00036499345191322785
0.46180392156862726	0.0002547519107336452
0.4668235294117643	0.000026525224685407518
0.4718431372549023	-0.00008394028490200714
0.4768627450980393	0.00003352410469890702
0.48188235294117626	0.00008137144281526043
0.4869019607843133	0.00010881758065075045
0.4919215686274513	0.0001607615377794173
0.4969411764705883	0.00024738387098446576
0.5019607843137253	0.00031208115149551044
0.5069803921568623	0.00019559206317716784
0.5120000000000003	-0.000035932154149557364
0.5170196078431373	-0.0003187115578500603
0.5220392156862742	-0.0004385500976824077
0.5270588235294112	-0.00036815467596181114
0.5320784313725493	-0.00006121064301531822
0.5370980392156862	0.0003068343539765966
0.5421176470588234	0.0004862764651003883
0.5471372549019603	0.0003904844249044646
0.5521568627450982	0.00013929588235153746
0.5571764705882353	-0.000042279232219911594
0.5621960784313723	-0.00003903163492719942
0.5672156862745092	0.00001923591402923411
0.5722352941176473	0.00007048344417436205
0.5772549019607842	-1.261589492099567e-8
0.5822745098039213	-0.00010071231681018584