0.0150588235294117	-0.0005150073911524865
0.020078431372549006	-0.0002024360249629345
0.0250980392156862	0.00020381953738024552
0.030117647058823502	0.0001579043713883827
0.0351372549019607	-0.00011834059320825671
0.040156862745098	-0.00020517926230326
0.0451764705882353	0.00014831695611884125
0.0501960784313725	0.0006533586458095723
0.0552156862745098	0.0009345268001301819
0.0602352941176473	0.0008838475390862616
0.0652549019607843	0.0005783277915906629
0.07027450980392129	0.00034765389631803467
0.07529411764705929	0.00012029162902979962
0.0803137254901963	0.0001530390609318042
0.0853333333333333	0.00041013317273515476
0.09035294117647029	0.000845101676669856
0.09537254901960832	0.001113298558821797
0.1003921568627453	0.0009792338243708697
0.10541176470588229	0.000654406728301812
0.1104313725490193	0.0003710691185513425
0.1154509803921573	0.0004370959210576129
0.12047058823529429	0.000654514012365072
0.12549019607843132	0.0007532913283626452
0.1305098039215683	0.0006390423340318676
0.1355294117647063	0.0005532335458960345
0.1405490196078433	0.0005759549896403866
0.14556862745098031	0.00033786534766577103
0.1505882352941173	0.00002703391772638986
0.1556078431372553	0.000036618397225705095
0.1606274509803923	0.0005332406541780983
0.1656470588235293	0.0007698621803956069
0.1706666666666663	0.00045490106250472965
0.1756862745098043	0.0000341584398998224
0.1807058823529413	-9.257572517487314e-6
0.18572549019607829	0.00015133687647316847
0.1907450980392153	0.0002094005359450932
0.1957647058823533	0.00004914816033207579
0.20078431372549033	-0.000047485221401691106
0.20580392156862728	-0.000013411914799080362
0.2108235294117643	0.00009469216951318677
0.21584313725490228	0.00027808582905640357
0.2208627450980393	0.0002484055552149984
0.2258823529411763	0.0002477581944523773
0.2309019607843133	0.0001395567946890148
0.23592156862745126	0.00009554403123098597
0.24094117647058833	6.329960082116855e-6
0.24596078431372528	-1.3361542992508843e-6
0.25098039215686224	0.00011395285767848444
0.2560000000000002	0.0002476563530356468
0.2610196078431373	0.0003524853080401436
0.2660392156862743	0.00036900227701587373
0.27105882352941124	0.00041212109343158527
0.27607843137254934	0.00034144424565891226
0.2810980392156863	0.00027097849745762724
0.28611764705882325	0.00017227827346126851
0.29113725490196035	-0.00003139858883867354
0.29615686274509834	-0.00025512398365979387
0.3011764705882353	-0.0003032129621635674
0.30619607843137225	-0.00009565182061187952
0.3112156862745103	0.00014216465323476697
0.31623529411764734	0.0001839643604703747
0.3212549019607843	0.0001975318552168989
0.32627450980392125	0.00012800498107701697
0.33129411764705924	-0.00003172383376577543
0.33631372549019634	-0.00017035670666534463
0.34133333333333327	-0.00007508875630845529
0.34635294117647025	0.0002446996559149646
0.35137254901960824	0.00039588439486150097
0.35639215686274534	0.0002658028688174928
0.36141176470588227	0.00008761423491912382
0.36643137254901925	0.00005209084585518969
0.37145098039215735	0.00004115774056702107
0.37647058823529433	-0.0001726273054383458
0.38149019607843127	-0.00039825828031622533
0.38650980392156836	-0.0002375147033269519
0.39152941176470635	0.0002181586011347987
0.39654901960784333	0.0005246018138163694
0.40156862745098026	0.0003775942407048541
0.40658823529411736	0.00008036651590299499
0.41160784313725535	-0.00011650346175723754
0.4166274509803923	-0.0001619457960623955
0.42164705882352926	-0.00020324669355897593
0.42666666666666625	-0.00015968942648455738
0.43168627450980424	9.834461788130717e-6
0.4367058823529413	0.00017583964319353395
0.44172549019607826	0.00029000413007766344
0.4467450980392153	0.00022154777837019807
0.45176470588235335	0.00005650285064771308
0.4567843137254903	-0.00019544368176419166
0.46180392156862726	-0.00034750106128347185
0.4668235294117643	-0.00019999544864848394
0.4718431372549023	0.00013626105811615443
0.4768627450980393	0.00032937450453830226
0.48188235294117626	0.0002706921835177292
0.4869019607843133	0.0001678502098278687
0.4919215686274513	0.00020443853568610323
0.4969411764705883	0.0001532752961978305
0.5019607843137253	-0.00006731013382470647
0.5069803921568623	-0.0001646395814277205
0.5120000000000003	-0.00001221613596078506
0.5170196078431373	0.00032349924699429724
0.5220392156862742	0.00042717435216366455
0.5270588235294112	0.00019185301120313333
0.5320784313725493	-0.0002919407442712955
0.5370980392156862	-0.0005744652777144438
0.5421176470588234	-0.0002788896710980395
0.5471372549019603	0.00027990983824464596
0.5521568627450982	0.0006254944130122507
0.5571764705882353	0.0003392029955805363
0.5621960784313723	-0.0001135815307320235
0.5672156862745092	-0.0004267947915692287
0.5722352941176473	-0.00032154356459329826
0.5772549019607842	-0.000018000566275567084
0.5822745098039213	0.00026922251440371575