0.0150588235294117	0.0006783383859631631
0.020078431372549006	0.000545159172392983
0.0250980392156862	0.00020549027864108057
0.030117647058823502	-0.000087213920553909
0.0351372549019607	-0.000056196649772847875
0.040156862745098	0.00013473246302843643
0.0451764705882353	0.00023571944053185824
0.0501960784313725	0.00013992535341582983
0.0552156862745098	-8.652015377892686e-7
0.0602352941176473	-0.000029427281782238718
0.0652549019607843	0.00014083080909748396
0.07027450980392129	0.0003869309275442724
0.07529411764705929	0.0005246034751843555
0.0803137254901963	0.00038469998291611657
0.0853333333333333	0.000039498291276994515
0.09035294117647029	-0.0001413018358186904
0.09537254901960832	-0.00009466265104641368
0.1003921568627453	-0.00003379700732303289
0.10541176470588229	-0.0000467874932757398
0.1104313725490193	-0.00011182866626748271
0.1154509803921573	0.00001547321852189685
0.12047058823529429	0.00022813617113843108
0.12549019607843132	0.00035066611290109653
0.1305098039215683	0.0003024664083171626
0.1355294117647063	0.0001378925551009287
0.1405490196078433	0.0001416544556721481
0.14556862745098031	0.00017476514858482544
0.1505882352941173	0.00017428107327782037
0.1556078431372553	-4.529495989202102e-6
0.1606274509803923	-0.0002328053574408949
0.1656470588235293	-0.00033253647440505054
0.1706666666666663	-0.0002615898531401938
0.1756862745098043	0.00015732428100525831
0.1807058823529413	0.0005229240185475871
0.18572549019607829	0.0007323331737331184
0.1907450980392153	0.0006384100693406574
0.1957647058823533	0.00041117728341457434
0.20078431372549033	0.00006988914794328224
0.20580392156862728	-0.0003522930361756004
0.2108235294117643	-0.00041504747872469756
0.21584313725490228	-0.00021922871418319286
0.2208627450980393	-0.000013334413171476588
0.2258823529411763	-0.00001603479545649031
0.2309019607843133	9.200825508952742e-6
0.23592156862745126	0.00020034274699426755
0.24094117647058833	0.0003047300490966345
0.24596078431372528	0.0002512446880275008
0.25098039215686224	0.00025244026219395143
0.2560000000000002	0.0002416612925172843
0.2610196078431373	0.00020362059629239922
0.2660392156862743	-0.00003152773340319078
0.27105882352941124	-0.00019048095895347612
0.27607843137254934	-0.00009508776442983472
0.2810980392156863	0.00011956185657600315
0.28611764705882325	0.00031110568177369934
0.29113725490196035	0.0001549249948368033
0.29615686274509834	8.345832881880672e-6
0.3011764705882353	-0.00011102974652857654
0.30619607843137225	-0.00012351732922511206
0.3112156862745103	-0.00011408238714881147
0.31623529411764734	-0.000024013563429042796
0.3212549019607843	0.00018702371842211374
0.32627450980392125	0.0001756492970698297
0.33129411764705924	-0.0000396387995908387
0.33631372549019634	-0.00023730360347286718
0.34133333333333327	-0.0001374140172027149
0.34635294117647025	0.0001307744621350306
0.35137254901960824	0.00023568773199179397
0.35639215686274534	0.0001016814304359647
0.36141176470588227	-0.00003568717927169036
0.36643137254901925	-0.000069046073299209
0.37145098039215735	-0.000031233185694189515
0.37647058823529433	-0.00014681248403047872
0.38149019607843127	-0.00019769297305781452
0.38650980392156836	-0.00007227357898513179
0.39152941176470635	0.00017784846182376435
0.39654901960784333	0.000251641439196525
0.40156862745098026	0.00020075885550440063
0.40658823529411736	0.0002847003202079376
0.41160784313725535	0.0004908057087942677
0.4166274509803923	0.0004401527996811573
0.42164705882352926	0.000027755239702138012
0.42666666666666625	-0.00034608836848956773
0.43168627450980424	-0.0003609391227355904
0.4367058823529413	-0.00010731648021451628
0.44172549019607826	-1.6082033364701759e-6
0.4467450980392153	-0.00004645765003896509
0.45176470588235335	-0.00003486415971905225
0.4567843137254903	0.00009746136091231954
0.46180392156862726	0.00023975821642859663
0.4668235294117643	0.0002331042154567618
0.4718431372549023	0.0001189662846097495
0.4768627450980393	1.911887963807665e-6
0.48188235294117626	-0.00011951794168663138
0.4869019607843133	-0.00021837829607425442
0.4919215686274513	-0.0002471827989587973
0.4969411764705883	-0.00015163968218712769
0.5019607843137253	0.00005152298549175276
0.5069803921568623	0.000044043822275126364
0.5120000000000003	-0.00007999484004095965
0.5170196078431373	-0.00011244925291068523
0.5220392156862742	0.000029500231673415656
0.5270588235294112	0.00012687855391289575
0.5320784313725493	3.1917527063374616e-6
0.5370980392156862	-0.000022324187257642266
0.5421176470588234	0.00008809221898761065
0.5471372549019603	0.00035436365806054503
0.5521568627450982	0.000579021823627084
0.5571764705882353	0.000623910743230622
0.5621960784313723	0.00023203350030889938
0.5672156862745092	-0.0003395491505997032
0.5722352941176473	-0.0005973279524454186
0.5772549019607842	-0.00037464349037695646
0.5822745098039213	-0.00006340812240771682