0.0150588235294117	-0.0020421908625589263
0.020078431372549006	-0.001844118593441111
0.0250980392156862	-0.001536030786596147
0.030117647058823502	-0.0012639837415649737
0.0351372549019607	-0.0010113040425885798
0.040156862745098	-0.0009549413634570702
0.0451764705882353	-0.0009323128529168588
0.0501960784313725	-0.0007983178422008076
0.0552156862745098	-0.0003111154313744977
0.0602352941176473	0.0001867754458922594
0.0652549019607843	0.0005311837787504098
0.07027450980392129	0.0005868861923328893
0.07529411764705929	0.000501383557206102
0.0803137254901963	0.0003047425689771658
0.0853333333333333	0.00021925235795887724
0.09035294117647029	0.0003694413793766912
0.09537254901960832	0.0005509285433536434
0.1003921568627453	0.0006318367724015703
0.10541176470588229	0.0006171772788597106
0.1104313725490193	0.0007289167660574073
0.1154509803921573	0.0008302112440835602
0.12047058823529429	0.0008195127609632008
0.12549019607843132	0.0006741525516081541
0.1305098039215683	0.0005976157833884289
0.1355294117647063	0.0006920028113356946
0.1405490196078433	0.0008305479261947298
0.14556862745098031	0.0008377284000770284
0.1505882352941173	0.0005988416443791515
0.1556078431372553	0.0003518432448724357
0.1606274509803923	0.0002598521806807104
0.1656470588235293	0.0005297657411420582
0.1706666666666663	0.000864815719496039
0.1756862745098043	0.0008967207743831312
0.1807058823529413	0.0005146826035964402
0.18572549019607829	-0.00005315072717077631
0.1907450980392153	-0.00011342977912104086
0.1957647058823533	0.0002413148368118815
0.20078431372549033	0.0006998463431417642
0.20580392156862728	0.0008734888200701865
0.2108235294117643	0.0007316281279938038
0.21584313725490228	0.0005317709966164575
0.2208627450980393	0.00025682518103236506
0.2258823529411763	0.00009455450095518248
0.2309019607843133	0.0001329289650100688
0.23592156862745126	0.00024181302021554428
0.24094117647058833	0.0002650918757603527
0.24596078431372528	0.00015454897344511183
0.25098039215686224	0.0001271268514056747
0.2560000000000002	0.0002582416299802173
0.2610196078431373	0.00046610596291915974
0.2660392156862743	0.0004399363311806445
0.27105882352941124	0.00023932383436453276
0.27607843137254934	-0.0000856102080006802
0.2810980392156863	-0.00015352727806608257
0.28611764705882325	-6.1334988880014705e-6
0.29113725490196035	0.000222726138008941
0.29615686274509834	0.0004434904062832453
0.3011764705882353	0.00039555813954153746
0.30619607843137225	0.0002566976742059068
0.3112156862745103	-2.0522512260606534e-7
0.31623529411764734	-0.00008555738425239907
0.3212549019607843	-0.000028390248094397224
0.32627450980392125	0.00014912394017781858
0.33129411764705924	0.0003110851445906343
0.33631372549019634	0.0003427998291586043
0.34133333333333327	0.0001666210492463223
0.34635294117647025	4.546108902162836e-6
0.35137254901960824	-0.00012541070252860092
0.35639215686274534	-0.00004857986739897229
0.36141176470588227	0.00011491287013382602
0.36643137254901925	0.0003274520711488566
0.37145098039215735	0.0004328671124068348
0.37647058823529433	0.000332235811867986
0.38149019607843127	0.00023626717293473572
0.38650980392156836	0.0000894316720698327
0.39152941176470635	0.00001797116914965318
0.39654901960784333	-0.00010210926385008602
0.40156862745098026	-0.0002059825637640758
0.40658823529411736	-0.00026394765576051636
0.41160784313725535	-0.0002965193556802065
0.4166274509803923	-0.00013731971107769583
0.42164705882352926	0.00003459183382755675
0.42666666666666625	0.0002346750160384248
0.43168627450980424	0.0002688770815322615
0.4367058823529413	0.00012351802737939658
0.44172549019607826	-0.00005270396938916372
0.4467450980392153	-0.00008681500265881081
0.45176470588235335	0.00008215214849927388
0.4567843137254903	0.00010322413467058806
0.46180392156862726	0.00006162206851144566
0.4668235294117643	-0.00004040822554316639
0.4718431372549023	-0.0000791361276540603
0.4768627450980393	-0.000193750862808424
0.48188235294117626	-0.00014545360146508835
0.4869019607843133	0.000030422517178944335
0.4919215686274513	0.00017004027381528668
0.4969411764705883	0.00019654990922959644
0.5019607843137253	0.00039274610342772973
0.5069803921568623	0.0006003848304226213
0.5120000000000003	0.00045669979163338105
0.5170196078431373	-0.00006350104430172607
0.5220392156862742	-0.00037908349566370014
0.5270588235294112	-0.00012060224769758644
0.5320784313725493	0.0002565910767041017
0.5370980392156862	0.00036780515025995885
0.5421176470588234	-1.4289684244793095e-6
0.5471372549019603	-0.0002621391272263609
0.5521568627450982	-0.0003166564889227731
0.5571764705882353	-0.00015732778361181548
0.5621960784313723	-4.6156168572273716e-6
0.5672156862745092	0.000021309220520167572
0.5722352941176473	0.00005568002356818112
0.5772549019607842	9.902814096715361e-6
0.5822745098039213	-0.00003700628792674263