0.0150588235294117	-0.0014279919973198
0.020078431372549006	-0.0013839352708238286
0.0250980392156862	-0.0011215679501929382
0.030117647058823502	-0.000758993574884051
0.0351372549019607	-0.0004297604455358506
0.040156862745098	-0.00023454630545734206
0.0451764705882353	-0.0002855154427083328
0.0501960784313725	-0.0003505727939429357
0.0552156862745098	-0.00035686447268000216
0.0602352941176473	-0.00012014389733975947
0.0652549019607843	0.00022314826561550978
0.07027450980392129	0.00044327131251423635
0.07529411764705929	0.000519321839145161
0.0803137254901963	0.0002677058244943872
0.0853333333333333	0.0001636504848122049
0.09035294117647029	0.00030482279087779837
0.09537254901960832	0.0006925159216040923
0.1003921568627453	0.0007393637981153433
0.10541176470588229	0.00031850999230156787
0.1104313725490193	-0.00004148255203581002
0.1154509803921573	-1.4617122395817214e-6
0.12047058823529429	0.00036242221370801065
0.12549019607843132	0.0006030877165545454
0.1305098039215683	0.0006800457225611748
0.1355294117647063	0.0007100689850877839
0.1405490196078433	0.0006888563458742368
0.14556862745098031	0.0005485264160156545
0.1505882352941173	0.0003976080310028702
0.1556078431372553	0.00031488330301473344
0.1606274509803923	0.0003785690836469918
0.1656470588235293	0.00044701457748823765
0.1706666666666663	0.0006205015708874766
0.1756862745098043	0.0007942005306939638
0.1807058823529413	0.0008289303935476034
0.18572549019607829	0.000615740461693118
0.1907450980392153	0.00031888047616330427
0.1957647058823533	0.0002853229296162033
0.20078431372549033	0.00040490455303853254
0.20580392156862728	0.0004530292367368331
0.2108235294117643	0.00019757784146421707
0.21584313725490228	-0.00003503726683679117
0.2208627450980393	-0.00011500566002319642
0.2258823529411763	0.000048454863328774295
0.2309019607843133	0.00022703810582515058
0.23592156862745126	0.00038369884810768166
0.24094117647058833	0.00043906607452765895
0.24596078431372528	0.0003300209978995781
0.25098039215686224	0.0003193917575534934
0.2560000000000002	0.00032446720473120177
0.2610196078431373	0.00033047242492113203
0.2660392156862743	0.00014100134030709107
0.27105882352941124	-0.00008772337298509248
0.27607843137254934	-0.00021334406722360407
0.2810980392156863	-0.00028961209771091593
0.28611764705882325	-0.0002582214537095249
0.29113725490196035	-0.00013147832783036111
0.29615686274509834	0.00008237687629732768
0.3011764705882353	0.00028242066946331115
0.30619607843137225	0.0005122021089662943
0.3112156862745103	0.000660912179340558
0.31623529411764734	0.0005461919425087698
0.3212549019607843	0.0002069363648114468
0.32627450980392125	-0.000129420443100379
0.33129411764705924	-0.000029218877722968105
0.33631372549019634	0.00017490438088076842
0.34133333333333327	0.000252215896681603
0.34635294117647025	9.692846016765056e-6
0.35137254901960824	-0.0002684861089187807
0.35639215686274534	-0.00027798256556038473
0.36141176470588227	-0.00012031105855336435
0.36643137254901925	0.00019201417711183576
0.37145098039215735	0.00040495937438695333
0.37647058823529433	0.0005514564124919538
0.38149019607843127	0.0004637951085885451
0.38650980392156836	0.0002138778836393583
0.39152941176470635	-0.00003726139904814694
0.39654901960784333	-0.00007902210295250214
0.40156862745098026	-0.00001715219448087854
0.40658823529411736	-0.00006888442590480178
0.41160784313725535	-0.00015416991816833247
0.4166274509803923	-3.47368443962928e-6
0.42164705882352926	0.00033612515928187783
0.42666666666666625	0.00042781935255567597
0.43168627450980424	0.00015741312162122773
0.4367058823529413	-0.0002502523410199139
0.44172549019607826	-0.0003417676845703287
0.4467450980392153	-0.00015289583186016523
0.45176470588235335	0.00006638829369344649
0.4567843137254903	0.00013758596923947768
0.46180392156862726	0.00012279692227418516
0.4668235294117643	0.0001057097816016519
0.4718431372549023	0.0001040464077184028
0.4768627450980393	0.00007647720451975392
0.48188235294117626	0.00009246755569495535
0.4869019607843133	0.00005284609096287335
0.4919215686274513	-0.00009005483542901778
0.4969411764705883	-0.00023063790159055052
0.5019607843137253	-0.00031334811133051617
0.5069803921568623	-0.0003152124970536628
0.5120000000000003	-0.0003216949313388497
0.5170196078431373	-0.00014991378257822875
0.5220392156862742	0.0002759224767811106
0.5270588235294112	0.0006844043500584134
0.5320784313725493	0.0007287670610838329
0.5370980392156862	0.00033555028073916255
0.5421176470588234	-0.00009887848377861219
0.5471372549019603	-0.00021981372896944315
0.5521568627450982	-0.00005037452861969442
0.5571764705882353	0.00023261109944781337
0.5621960784313723	0.0002625849213499021
0.5672156862745092	-9.16711880322373e-6
0.5722352941176473	-0.0003520497222214147
0.5772549019607842	-0.00035876862051875935
0.5822745098039213	0.000021589972694268382