0.0150588235294117	-0.0010579284915554652
0.020078431372549006	-0.0007456598106276612
0.0250980392156862	-0.0006182588763115893
0.030117647058823502	-0.0006674381918386953
0.0351372549019607	-0.0005612069443335615
0.040156862745098	-0.00022966876316339528
0.0451764705882353	-0.000013187187404959153
0.0501960784313725	-0.0000756015549441143
0.0552156862745098	-0.0001321832313051183
0.0602352941176473	0.00008026558781458952
0.0652549019607843	0.0005094990541125173
0.07027450980392129	0.0006641424544983336
0.07529411764705929	0.0004824190551341743
0.0803137254901963	0.0004486170879429209
0.0853333333333333	0.000708960903902486
0.09035294117647029	0.000927682429525882
0.09537254901960832	0.0008325946888067955
0.1003921568627453	0.0005866932951024864
0.10541176470588229	0.0006744843211108912
0.1104313725490193	0.0008008012501425237
0.1154509803921573	0.0008854145120988771
0.12047058823529429	0.0007325960855288538
0.12549019607843132	0.0004054196385293316
0.1305098039215683	0.00020589702136556112
0.1355294117647063	0.00023412237183507254
0.1405490196078433	0.0005031345692432971
0.14556862745098031	0.00046383476236981505
0.1505882352941173	0.00025445536493973235
0.1556078431372553	0.00024782618572744404
0.1606274509803923	0.0005691648859489326
0.1656470588235293	0.0008272452060998739
0.1706666666666663	0.0007321726826718
0.1756862745098043	0.0004181840976419735
0.1807058823529413	0.00017342102501046366
0.18572549019607829	0.00007788585319723697
0.1907450980392153	0.0001756203337657689
0.1957647058823533	0.0004326869503925036
0.20078431372549033	0.0005993796501245367
0.20580392156862728	0.000584258809259079
0.2108235294117643	0.000383202540963333
0.21584313725490228	0.00014790563766441572
0.2208627450980393	0.00012273651488367346
0.2258823529411763	0.00009529002813260907
0.2309019607843133	0.0001554069514855095
0.23592156862745126	0.0002089392374971373
0.24094117647058833	0.0002935646335395899
0.24596078431372528	0.0003507085838180715
0.25098039215686224	0.00011521661498725833
0.2560000000000002	2.230536052024865e-6
0.2610196078431373	-0.0000419694197175351
0.2660392156862743	0.00006705769571643534
0.27105882352941124	0.00010028496528569203
0.27607843137254934	0.00020614673932195496
0.2810980392156863	0.0003954044845270917
0.28611764705882325	0.0004833485145748028
0.29113725490196035	0.00040548900135195786
0.29615686274509834	0.00019993663048394734
0.3011764705882353	0.000050502637868768166
0.30619607843137225	-0.000015484462748059895
0.3112156862745103	0.00007166387428242502
0.31623529411764734	0.000186372337819352
0.3212549019607843	0.0003432533281440286
0.32627450980392125	0.000341017182500745
0.33129411764705924	0.00009260755873155632
0.33631372549019634	-0.00029239742073925497
0.34133333333333327	-0.00045296199156262166
0.34635294117647025	-0.00017999441832752786
0.35137254901960824	0.000187439489528674
0.35639215686274534	0.000349768313286494
0.36141176470588227	0.0002438171923471852
0.36643137254901925	-0.00004710915093236535
0.37145098039215735	-0.00031836994119713893
0.37647058823529433	-0.0002988913154344561
0.38149019607843127	-4.211667072973328e-6
0.38650980392156836	0.0003356817605901004
0.39152941176470635	0.00036154422880548833
0.39654901960784333	0.00021360120046381935
0.40156862745098026	0.00011459075522734668
0.40658823529411736	0.00007634365403788026
0.41160784313725535	0.00013196168163586718
0.4166274509803923	0.00010783491215214998
0.42164705882352926	0.0000709439008302014
0.42666666666666625	-0.000023258799766669276
0.43168627450980424	-0.00008122434941690906
0.4367058823529413	-0.000054840680559518154
0.44172549019607826	0.000010658853696205726
0.4467450980392153	8.866190883515896e-6
0.45176470588235335	-0.00013294206295619808
0.4567843137254903	-0.000248476001824832
0.46180392156862726	-0.00012854785051466178
0.4668235294117643	0.00021956094121852843
0.4718431372549023	0.0003171389270571825
0.4768627450980393	0.0000414775923695088
0.48188235294117626	-0.0003087878696918868
0.4869019607843133	-0.0002212599477907234
0.4919215686274513	0.0001274858028769334
0.4969411764705883	0.00031018541866970805
0.5019607843137253	0.00028171721161706796
0.5069803921568623	0.0001817200771531794
0.5120000000000003	0.000154456183757691
0.5170196078431373	0.00009800209941216692
0.5220392156862742	0.00004227802838446861
0.5270588235294112	0.00005050422677159078
0.5320784313725493	-0.00007757466821823355
0.5370980392156862	-0.0002758129904458577
0.5421176470588234	-0.0003199666240994868
0.5471372549019603	-0.00006811994762203178
0.5521568627450982	0.00029020499747185415
0.5571764705882353	0.0003387907876297494
0.5621960784313723	0.0002126093589354388
0.5672156862745092	-0.00003274805771222833
0.5722352941176473	-0.00013642719564751948
0.5772549019607842	-0.00014609597743689867
0.5822745098039213	0.00012299718777087766