0.0150588235294117	0.00034751512260492606
0.020078431372549006	0.00039649619487530316
0.0250980392156862	0.0003034356665098481
0.030117647058823502	0.00016781773026441083
0.0351372549019607	0.0001996588392449826
0.040156862745098	0.0004388578634665779
0.0451764705882353	0.0005347003439353325
0.0501960784313725	0.00030482086574285325
0.0552156862745098	-6.369733144198246e-6
0.0602352941176473	0.000013662643229166071
0.0652549019607843	0.0002759323103187876
0.07027450980392129	0.00039285794750796573
0.07529411764705929	0.0002826394962743164
0.0803137254901963	0.000057744458281062636
0.0853333333333333	-0.00007894674393628795
0.09035294117647029	-0.00019241311839453149
0.09537254901960832	-0.00009208500924288556
0.1003921568627453	0.00024593562968086027
0.10541176470588229	0.000493238303513749
0.1104313725490193	0.0006165059871668438
0.1154509803921573	0.0005003691814600198
0.12047058823529429	0.0003857107481656984
0.12549019607843132	0.00012019927304307904
0.1305098039215683	-0.000020525962638761155
0.1355294117647063	0.00005301021889731396
0.1405490196078433	0.0001883955065413149
0.14556862745098031	0.00018870365662542805
0.1505882352941173	-3.393342813829987e-6
0.1556078431372553	-0.00010016183969642847
0.1606274509803923	-0.00011338323916515184
0.1656470588235293	-0.000031636316629601966
0.1706666666666663	0.00008001940962638353
0.1756862745098043	0.00017501462490970154
0.1807058823529413	0.0001768174479594442
0.18572549019607829	0.00003883479993537253
0.1907450980392153	-0.000048983504338690576
0.1957647058823533	0.00009154784642069153
0.20078431372549033	0.00021933378312947825
0.20580392156862728	0.00013612767684098213
0.2108235294117643	-0.00016601384843083832
0.21584313725490228	-0.00025886652684951547
0.2208627450980393	0.000020039768592705382
0.2258823529411763	0.0004631963345000053
0.2309019607843133	0.0006492427295610661
0.23592156862745126	0.00043240229826497524
0.24094117647058833	-0.00001043143026488458
0.24596078431372528	-0.00027787781022612246
0.25098039215686224	-0.00022805472205509548
0.2560000000000002	-0.00007653007577031621
0.2610196078431373	0.000027163062412087197
0.2660392156862743	0.00011906482829370783
0.27105882352941124	0.0002266864256362976
0.27607843137254934	0.0002690232480706204
0.2810980392156863	0.00018562157093266317
0.28611764705882325	0.00007619469484204253
0.29113725490196035	0.0000866120887483798
0.29615686274509834	0.00004545620206289764
0.3011764705882353	-5.674173481219877e-6
0.30619607843137225	-0.00010508283837771352
0.3112156862745103	-0.00008934858528882972
0.31623529411764734	-0.000025579356518971816
0.3212549019607843	0.00005888497015425755
0.32627450980392125	0.000029309765259084762
0.33129411764705924	-0.000039656302929209984
0.33631372549019634	-0.000026299907915622316
0.34133333333333327	0.00009453574611751619
0.34635294117647025	0.00036856436790743053
0.35137254901960824	0.00037201824975286894
0.35639215686274534	0.00015411105197641846
0.36141176470588227	-0.00020232929533532223
0.36643137254901925	-0.00037955430498923964
0.37145098039215735	-0.000255915319029411
0.37647058823529433	-0.00015537130663825771
0.38149019607843127	0.0000587333263928518
0.38650980392156836	0.00024960967607586833
0.39152941176470635	0.00036749325565501727
0.39654901960784333	0.00024300828145673177
0.40156862745098026	-0.0000383820962092287
0.40658823529411736	-0.00008458213132032688
0.41160784313725535	-0.00006311215419470136
0.4166274509803923	-0.00008921770733539151
0.42164705882352926	-0.0002425630891903465
0.42666666666666625	-0.00015331751372889396
0.43168627450980424	0.00020151542485932552
0.4367058823529413	0.0005327615138572334
0.44172549019607826	0.0004747550588456355
0.4467450980392153	0.00008244734621397442
0.45176470588235335	-0.0002794346952245731
0.4567843137254903	-0.0002870373089929456
0.46180392156862726	0.00006148506304649782
0.4668235294117643	0.0003185606002865362
0.4718431372549023	0.0002657254640121159
0.4768627450980393	1.6292579550637232e-6
0.48188235294117626	-0.00008547367153997909
0.4869019607843133	-0.00001680597927596451
0.4919215686274513	-0.00010359503991312637
0.4969411764705883	-0.0002270509387521994
0.5019607843137253	-0.0003496916067162007
0.5069803921568623	-0.0002619333481528331
0.5120000000000003	-0.00003495397578790181
0.5170196078431373	0.00019792107069030576
0.5220392156862742	0.00045580209990878095
0.5270588235294112	0.00032966864294402075
0.5320784313725493	0.00018137275436957466
0.5370980392156862	0.00008483931287067032
0.5421176470588234	0.0001587215165730576
0.5471372549019603	0.00011018895886081457
0.5521568627450982	-0.00017522932455614327
0.5571764705882353	-0.00040709760231810797
0.5621960784313723	-0.0003060645308389557
0.5672156862745092	-0.000029913908357567962
0.5722352941176473	0.00001095054844082578
0.5772549019607842	-0.00013500331949989211
0.5822745098039213	-0.00015319691630313553