0.0150588235294117	0.0006327896108006384
0.020078431372549006	0.00036188931324608457
0.0250980392156862	0.0001695752435703694
0.030117647058823502	0.00019687293952440758
0.0351372549019607	0.00039893183515339977
0.040156862745098	0.00046164575708541964
0.0451764705882353	0.0003468611644379178
0.0501960784313725	0.00011684363314514813
0.0552156862745098	0.00009256537646365367
0.0602352941176473	0.00020648804264560615
0.0652549019607843	0.0002562919424802449
0.07027450980392129	0.0003251149501976741
0.07529411764705929	0.00042251308674534047
0.0803137254901963	0.0005581023232921113
0.0853333333333333	0.0005376988842239109
0.09035294117647029	0.00040182049329472576
0.09537254901960832	0.0003558065193268889
0.1003921568627453	0.00034343286503480357
0.10541176470588229	0.00024223093486258084
0.1104313725490193	0.0001520029190427237
0.1154509803921573	0.0001128200251387584
0.12047058823529429	0.0002479380435010018
0.12549019607843132	0.0004891714547787653
0.1305098039215683	0.0005720100150357091
0.1355294117647063	0.00038378354814855086
0.1405490196078433	-0.0001521637958580521
0.14556862745098031	-0.0005279277669698797
0.1505882352941173	-0.0006093024001529903
0.1556078431372553	-0.00032619539208388884
0.1606274509803923	0.000027696012274750044
0.1656470588235293	0.00035404491375600616
0.1706666666666663	0.00044823032760224387
0.1756862745098043	0.00033411476338197953
0.1807058823529413	0.00026011877592287775
0.18572549019607829	0.00020642645618062908
0.1907450980392153	0.00025253856517543506
0.1957647058823533	0.0001230897121564144
0.20078431372549033	0.0000617806337914414
0.20580392156862728	0.0001633604391965192
0.2108235294117643	0.00035545233464490415
0.21584313725490228	0.0003142464418719438
0.2208627450980393	-0.00004383033854166857
0.2258823529411763	-0.000313326876073998
0.2309019607843133	-0.00008342772769587921
0.23592156862745126	0.00034072458460688535
0.24094117647058833	0.00039820569767432716
0.24596078431372528	0.000104166788192867
0.25098039215686224	-0.00006221053824037882
0.2560000000000002	0.000124022230323803
0.2610196078431373	0.0002845686959920673
0.2660392156862743	0.00009563010415241528
0.27105882352941124	-0.0001678960266261687
0.27607843137254934	-0.00019956788001110852
0.2810980392156863	-7.776600041818e-7
0.28611764705882325	0.00018436380812092187
0.29113725490196035	0.00020174585769748687
0.29615686274509834	0.00019788885671142268
0.3011764705882353	0.0003058545626782225
0.30619607843137225	0.00042480200770555793
0.3112156862745103	0.00038610704172129537
0.31623529411764734	0.000010987974825597507
0.3212549019607843	-0.00031129027373927884
0.32627450980392125	-0.00028807278855638545
0.33129411764705924	0.000053435511504900995
0.33631372549019634	0.00019457472496104206
0.34133333333333327	0.0000589253096891195
0.34635294117647025	-0.00005291463574456135
0.35137254901960824	-0.000017793462995170723
0.35639215686274534	0.000014033440783722125
0.36141176470588227	-0.00015431367699542776
0.36643137254901925	-0.00017234448287569427
0.37145098039215735	-0.00008022902899273446
0.37647058823529433	0.000039590334217231776
0.38149019607843127	0.00005168781089378298
0.38650980392156836	0.00003190700522733985
0.39152941176470635	0.00001732491693516096
0.39654901960784333	5.20919057700381e-6
0.40156862745098026	0.000028658168028152917
0.40658823529411736	0.00023890419889084036
0.41160784313725535	0.0003530905588384689
0.4166274509803923	0.00027333422916430664
0.42164705882352926	0.00003659509117672444
0.42666666666666625	-0.00014745382484840057
0.43168627450980424	-0.00009665805977464844
0.4367058823529413	0.000028289790625952084
0.44172549019607826	0.00016090012019085315
0.4467450980392153	0.00014593827862919247
0.45176470588235335	0.000029019599352758546
0.4567843137254903	-0.00013785138488206055
0.46180392156862726	-0.00027211604774940467
0.4668235294117643	-0.00035251239391345305
0.4718431372549023	-0.00019128706486655164
0.4768627450980393	0.000024300695813850573
0.48188235294117626	9.598034049004446e-6
0.4869019607843133	-0.00009171613868137408
0.4919215686274513	0.000021207727615095523
0.4969411764705883	0.000437280152434066
0.5019607843137253	0.0005141076049246557
0.5069803921568623	0.00018785954642353705
0.5120000000000003	-0.00012511526403065544
0.5170196078431373	-0.00014997587496674356
0.5220392156862742	0.00009367247124962455
0.5270588235294112	0.00022034921874998772
0.5320784313725493	0.0002300737127575552
0.5370980392156862	0.00009645881743509013
0.5421176470588234	0.00003214173568896501
0.5471372549019603	0.00007243517819057659
0.5521568627450982	0.000023787680913548227
0.5571764705882353	0.000016814424058604006
0.5621960784313723	-5.036564379467362e-6
0.5672156862745092	0.000010648982552558201
0.5722352941176473	-0.00013853035667578395
0.5772549019607842	-0.000360488621483442
0.5822745098039213	-0.00030408451931266664