0.0150588235294117	0.00045200908122338833
0.020078431372549006	0.0006521841616056495
0.0250980392156862	0.0004898655704693207
0.030117647058823502	0.00023478875249486876
0.0351372549019607	0.000024086610829152856
0.040156862745098	-6.075041676171018e-6
0.0451764705882353	0.00004435796730059986
0.0501960784313725	0.00011206952302881667
0.0552156862745098	0.00014071278854926525
0.0602352941176473	0.00019255098003155422
0.0652549019607843	0.0002736255761243685
0.07027450980392129	0.00023250849961031555
0.07529411764705929	0.00012499322182462098
0.0803137254901963	-0.00005318395251197884
0.0853333333333333	-0.00013555018611713764
0.09035294117647029	-0.00009574246797064626
0.09537254901960832	0.00013295520840460835
0.1003921568627453	0.0003705699725802355
0.10541176470588229	0.0003724241740324859
0.1104313725490193	0.0002610010710918363
0.1154509803921573	0.00003477026257413129
0.12047058823529429	-0.00021435805883136775
0.12549019607843132	-0.0004119141350412691
0.1305098039215683	-0.0002194053854261605
0.1355294117647063	0.00034991373340079613
0.1405490196078433	0.0006182907777287035
0.14556862745098031	0.000428845599267244
0.1505882352941173	0.00013612777261299888
0.1556078431372553	0.0001173600675229952
0.1606274509803923	0.00006953696223483525
0.1656470588235293	-0.0001072756465913038
0.1706666666666663	-0.00020686387180655905
0.1756862745098043	-0.000010449969120666318
0.1807058823529413	0.00010757113356096595
0.18572549019607829	0.00013435441903323413
0.1907450980392153	0.00024592607182604147
0.1957647058823533	0.00036278821987386034
0.20078431372549033	0.000340128073541589
0.20580392156862728	0.00011500573172094242
0.2108235294117643	8.89000225013331e-6
0.21584313725490228	-9.181155202155217e-6
0.2208627450980393	0.00006610651836222923
0.2258823529411763	0.0002276993578543308
0.2309019607843133	0.00039241424958417196
0.23592156862745126	0.0003370617098920143
0.24094117647058833	0.000059953879447995236
0.24596078431372528	-0.00008998708505836164
0.25098039215686224	-0.00009589431571718688
0.2560000000000002	-0.00003755854698192097
0.2610196078431373	-0.00010411685457060287
0.2660392156862743	-0.00015777163971497638
0.27105882352941124	-0.000037535506113611455
0.27607843137254934	0.00004506838334235988
0.2810980392156863	0.000075327110434729
0.28611764705882325	-0.00012835158163207737
0.29113725490196035	-0.00025199610520261695
0.29615686274509834	-0.0001549034225806835
0.3011764705882353	0.000053724485612933155
0.30619607843137225	0.00029919551769929027
0.3112156862745103	0.00039540010296673157
0.31623529411764734	0.0004069144549308282
0.3212549019607843	0.00024885679036935004
0.32627450980392125	-0.00009515077172197737
0.33129411764705924	-0.0002902044196890049
0.33631372549019634	-0.00035953598803890885
0.34133333333333327	-0.0001537294688997005
0.34635294117647025	0.00017082289348577408
0.35137254901960824	0.00044846018281912846
0.35639215686274534	0.0004653437595755623
0.36141176470588227	-0.00003941079849785448
0.36643137254901925	-0.0005029738371967863
0.37145098039215735	-0.0006097334839187623
0.37647058823529433	-0.00014047125653656126
0.38149019607843127	0.0004165198324043121
0.38650980392156836	0.0005726711945996486
0.39152941176470635	0.0004006125920035749
0.39654901960784333	-0.000029207658176990018
0.40156862745098026	-0.00016067580250390476
0.40658823529411736	-0.00006877921291675741
0.41160784313725535	0.00013421371776155117
0.4166274509803923	0.00014804930051751507
0.42164705882352926	-0.00015687581398980113
0.42666666666666625	-0.00014069618807737715
0.43168627450980424	0.00006417573063031851
0.4367058823529413	0.0003542822807154025
0.44172549019607826	0.0003086180846235512
0.4467450980392153	0.00004172148386414384
0.45176470588235335	-0.00001879748712172952
0.4567843137254903	0.00001130858508924536
0.46180392156862726	0.00013010196672797516
0.4668235294117643	0.00005611471875950124
0.4718431372549023	-0.00008030303904111175
0.4768627450980393	-0.0001366295196975823
0.48188235294117626	-0.00006014778884865686
0.4869019607843133	-0.000014475551380017153
0.4919215686274513	-0.000055564217409897416
0.4969411764705883	-0.00010388972007109854
0.5019607843137253	-0.0001628804205681724
0.5069803921568623	-0.00020552653738261116
0.5120000000000003	-0.00024025919313601395
0.5170196078431373	-0.00015378067890340735
0.5220392156862742	-0.000050766921817977035
0.5270588235294112	0.00012893908810683978
0.5320784313725493	0.0004337078399292687
0.5370980392156862	0.0006878042050068759
0.5421176470588234	0.00046550066397223205
0.5471372549019603	0.00003697471219918823
0.5521568627450982	-0.00027636919788576577
0.5571764705882353	-0.00018183593162162504
0.5621960784313723	0.000036019153325066655
0.5672156862745092	0.00019438583533159476
0.5722352941176473	0.00023719771652599283
0.5772549019607842	-0.00001538395692907978
0.5822745098039213	-0.00030155435543312336