0.0150588235294117	0.00020680777460177155
0.020078431372549006	-0.000021708318649254782
0.0250980392156862	-0.00012342600806911473
0.030117647058823502	0.000010914494088351381
0.0351372549019607	0.0001090390083732513
0.040156862745098	0.00032840486042997084
0.0451764705882353	0.0004811380583751532
0.0501960784313725	0.0003625189042778659
0.0552156862745098	0.00020854852921608276
0.0602352941176473	-0.000027556611660773573
0.0652549019607843	0.000031645128141158945
0.07027450980392129	0.00010342382189970685
0.07529411764705929	0.00019920153728994502
0.0803137254901963	0.00018332364618975204
0.0853333333333333	0.00011780364737778232
0.09035294117647029	0.00015569870677937804
0.09537254901960832	0.0001696908086222536
0.1003921568627453	0.00018036769504876696
0.10541176470588229	0.0001244943636139057
0.1104313725490193	0.00021562162350544445
0.1154509803921573	0.0002476788398722509
0.12047058823529429	0.00017322254052616506
0.12549019607843132	0.000020497529332517302
0.1305098039215683	-0.00005387457593664277
0.1355294117647063	0.000055377940203958595
0.1405490196078433	0.00010265025504914248
0.14556862745098031	0.00006630656694799541
0.1505882352941173	-0.0001060390716145781
0.1556078431372553	-0.0001621941421480488
0.1606274509803923	-2.033957192822527e-7
0.1656470588235293	0.0002907714134186014
0.1706666666666663	0.000526990867605661
0.1756862745098043	0.00046968986808087776
0.1807058823529413	0.000153590549407893
0.18572549019607829	-0.00021497171195921814
0.1907450980392153	-0.0003626283061915311
0.1957647058823533	-0.00018942844545980666
0.20078431372549033	0.00005859403379001561
0.20580392156862728	0.00018957949936084838
0.2108235294117643	0.00014560479977141603
0.21584313725490228	-6.319414535335953e-6
0.2208627450980393	-0.00011776553422959004
0.2258823529411763	-0.00005511250044670326
0.2309019607843133	0.00004498604266223494
0.23592156862745126	0.0001518452681816369
0.24094117647058833	0.00006617106624705705
0.24596078431372528	-0.00002237315823163891
0.25098039215686224	-0.000060995919375377174
0.2560000000000002	-0.000058240161912157975
0.2610196078431373	0.00011237808399150907
0.2660392156862743	0.0001970973769768966
0.27105882352941124	0.00017308487281638676
0.27607843137254934	-0.00002126669018495164
0.2810980392156863	-0.00012600396328268286
0.28611764705882325	-0.000015544171620762132
0.29113725490196035	0.00011887019678565337
0.29615686274509834	0.0000777562747704684
0.3011764705882353	0.0001177283726215657
0.30619607843137225	0.0002589599662598731
0.3112156862745103	0.0003876006544489221
0.31623529411764734	0.00013373823749953078
0.3212549019607843	-0.0003253552542199098
0.32627450980392125	-0.000415158565959531
0.33129411764705924	-0.00022592967576460447
0.33631372549019634	0.00012879833892897127
0.34133333333333327	0.0003093074814714668
0.34635294117647025	0.00029894257358670354
0.35137254901960824	0.00017563952218292833
0.35639215686274534	-0.00011557896137707706
0.36141176470588227	-0.00013438292500666084
0.36643137254901925	0.0001265478196852116
0.37145098039215735	0.00048174445286360674
0.37647058823529433	0.0005096359515663312
0.38149019607843127	0.00005182961946139593
0.38650980392156836	-0.0003955726809753051
0.39152941176470635	-0.00045972281862072164
0.39654901960784333	-0.00005000269627480907
0.40156862745098026	0.00036731026487180535
0.40658823529411736	0.0004251256875617544
0.41160784313725535	0.0002528203886552311
0.4166274509803923	0.000017678475241409166
0.42164705882352926	-3.7175880925909433e-6
0.42666666666666625	0.0001370774445972985
0.43168627450980424	0.00020338426464842644
0.4367058823529413	0.00018233513882870414
0.44172549019607826	-0.0001263020140425469
0.4467450980392153	-0.0002481284262612015
0.45176470588235335	-0.00023853674842941073
0.4567843137254903	-0.00013092280735582795
0.46180392156862726	0.000041963702074781596
0.4668235294117643	0.00013601205043196082
0.4718431372549023	0.00023774886812365868
0.4768627450980393	0.000010496135036497098
0.48188235294117626	-0.00026500394956329245
0.4869019607843133	-0.00029703193744533453
0.4919215686274513	0.00004910820671285549
0.4969411764705883	0.0003227432795368767
0.5019607843137253	0.000274752483522006
0.5069803921568623	-0.000011910669836335947
0.5120000000000003	-0.00020579539601152922
0.5170196078431373	-0.00012308657054298583
0.5220392156862742	0.00012958609890369006
0.5270588235294112	0.0003479417754904009
0.5320784313725493	0.00027090122485884973
0.5370980392156862	0.00004741319679516644
0.5421176470588234	-0.00015899362535166538
0.5471372549019603	-0.00011524047462362647
0.5521568627450982	-0.000027128164069626387
0.5571764705882353	0.00008259319958466813
0.5621960784313723	0.00006194083684991153
0.5672156862745092	0.00008105614739440409
0.5722352941176473	0.000029339366895242657
0.5772549019607842	-0.00005132984646822028
0.5822745098039213	-0.00012131510675420652