0.0150588235294117	-0.001948605619392489
0.020078431372549006	-0.0017023103881538947
0.0250980392156862	-0.001287278872296041
0.030117647058823502	-0.0009895758840623133
0.0351372549019607	-0.0007686642944514163
0.040156862745098	-0.0008156081865638224
0.0451764705882353	-0.0009880673679383365
0.0501960784313725	-0.0010513471280746277
0.0552156862745098	-0.0007625674392915297
0.0602352941176473	-0.00023834330859850156
0.0652549019607843	0.0002290530879571675
0.07027450980392129	0.0005272636017097928
0.07529411764705929	0.0006214635098511308
0.0803137254901963	0.000599989403702888
0.0853333333333333	0.0005581062240534078
0.09035294117647029	0.0006849809498317404
0.09537254901960832	0.0007465729712923496
0.1003921568627453	0.000682127346838917
0.10541176470588229	0.0006376409565560682
0.1104313725490193	0.0007040732496007865
0.1154509803921573	0.0007960110579189114
0.12047058823529429	0.0006207171488414633
0.12549019607843132	0.0004674815298528965
0.1305098039215683	0.0004694664647724446
0.1355294117647063	0.0005692517533217114
0.1405490196078433	0.0006501036449067023
0.14556862745098031	0.0007274745083447754
0.1505882352941173	0.0008288042337904483
0.1556078431372553	0.0008159312877081027
0.1606274509803923	0.0006576475722323936
0.1656470588235293	0.0005666223958333614
0.1706666666666663	0.0005935479716012469
0.1756862745098043	0.0006237398635901088
0.1807058823529413	0.000612506263638642
0.18572549019607829	0.0005614145777733696
0.1907450980392153	0.0004813324970061353
0.1957647058823533	0.0003798954394293451
0.20078431372549033	0.0003101706356447851
0.20580392156862728	0.00038397548305393
0.2108235294117643	0.00038673658545276346
0.21584313725490228	0.00026047267195577285
0.2208627450980393	0.00010291629718864521
0.2258823529411763	0.00021156816156764376
0.2309019607843133	0.0003995701902752266
0.23592156862745126	0.00040090410562554905
0.24094117647058833	0.0002569132513116003
0.24596078431372528	0.00012800192299651023
0.25098039215686224	0.00021748964484963256
0.2560000000000002	0.0001589048328438546
0.2610196078431373	0.00013659639194609893
0.2660392156862743	0.00009958420525396031
0.27105882352941124	0.00011406736394654132
0.27607843137254934	0.00004750260335880123
0.2810980392156863	0.000020597877901175573
0.28611764705882325	0.00014081761590443203
0.29113725490196035	0.00027135018495284396
0.29615686274509834	0.0001709767640377808
0.3011764705882353	0.00008729397361143356
0.30619607843137225	0.0002201500605896344
0.3112156862745103	0.0004241226505212843
0.31623529411764734	0.0004568744641856024
0.3212549019607843	0.00019703911292485215
0.32627450980392125	0.000052947066755528093
0.33129411764705924	-0.00004652087371692311
0.33631372549019634	0.00009152379423044528
0.34133333333333327	0.00024271199991447633
0.34635294117647025	0.0003270815628088736
0.35137254901960824	0.00025181825436006443
0.35639215686274534	0.000033612849300488426
0.36141176470588227	0.0000317352698591486
0.36643137254901925	0.00020568305650993024
0.37145098039215735	0.00035552581441271184
0.37647058823529433	0.00015504677206414354
0.38149019607843127	-0.0002642703970023693
0.38650980392156836	-0.00041238882016516134
0.39152941176470635	-0.0003422434775556797
0.39654901960784333	-0.0001614734698548797
0.40156862745098026	-7.535934824551922e-6
0.40658823529411736	0.00024594044490142754
0.41160784313725535	0.00038780318304961435
0.4166274509803923	0.00012862092170630739
0.42164705882352926	-0.0001825689782186276
0.42666666666666625	-0.0002227907097660898
0.43168627450980424	0.00019987056563639435
0.4367058823529413	0.0006050702678371448
0.44172549019607826	0.0006583134228135767
0.4467450980392153	0.00041110199738868193
0.45176470588235335	-0.000012394528353576942
0.4567843137254903	-0.00025909041099739206
0.46180392156862726	-0.000302654636065347
0.4668235294117643	-0.0001333922871521372
0.4718431372549023	0.00007987996066187317
0.4768627450980393	0.00016678804177835155
0.48188235294117626	0.00016361923372396606
0.4869019607843133	0.000015378937036666813
0.4919215686274513	-0.0002224120643580727
0.4969411764705883	-0.00042432402359672083
0.5019607843137253	-0.000435251639503518
0.5069803921568623	-0.0002007792479993427
0.5120000000000003	0.00016248091293386222
0.5170196078431373	0.0003965128068996391
0.5220392156862742	0.0004626717390202275
0.5270588235294112	0.00029135403224793074
0.5320784313725493	0.00008882278601400574
0.5370980392156862	-0.00011340642476192377
0.5421176470588234	-0.00009460621704399069
0.5471372549019603	0.00009996975982027024
0.5521568627450982	0.0002928955566002195
0.5571764705882353	0.00029647238335663294
0.5621960784313723	0.000050825354591983965
0.5672156862745092	-0.00006397179352237044
0.5722352941176473	-0.000017422003963274818
0.5772549019607842	0.00008297625139475413
0.5822745098039213	0.00005374811642240995