0.0150588235294117	-0.08385095308893187
0.020078431372549006	-0.08293858932534233
0.0250980392156862	-0.07862159178575397
0.030117647058823502	-0.07437341174293838
0.0351372549019607	-0.07130081255034658
0.040156862745098	-0.07039164876414944
0.0451764705882353	-0.07012449408960483
0.0501960784313725	-0.06993518276517066
0.0552156862745098	-0.06910908525227513
0.0602352941176473	-0.06817722700310258
0.0652549019607843	-0.06729750980402721
0.07027450980392129	-0.06522698678989897
0.07529411764705929	-0.06301519195452647
0.0803137254901963	-0.06079549419590042
0.0853333333333333	-0.06005237045837688
0.09035294117647029	-0.06031557966636882
0.09537254901960832	-0.06156116221561968
0.1003921568627453	-0.062120377230741194
0.10541176470588229	-0.05991404081164214
0.1104313725490193	-0.05699750082795624
0.1154509803921573	-0.05382767264221523
0.12047058823529429	-0.0519348396766913
0.12549019607843132	-0.0512035940201389
0.1305098039215683	-0.05344448442454035
0.1355294117647063	-0.057649368877917655
0.1405490196078433	-0.05779104351965166
0.14556862745098031	-0.05375872845740395
0.1505882352941173	-0.04927395249968525
0.1556078431372553	-0.04793522350270144
0.1606274509803923	-0.04674165802007507
0.1656470588235293	-0.04500916367818193
0.1706666666666663	-0.044157082887112106
0.1756862745098043	-0.04603644384232544
0.1807058823529413	-0.04678076853045161
0.18572549019607829	-0.04623805274107851
0.1907450980392153	-0.04600958057813158
0.1957647058823533	-0.04536337593354437
0.20078431372549033	-0.04363433180097415
0.20580392156862728	-0.04037519675222448
0.2108235294117643	-0.038915372389728475
0.21584313725490228	-0.038503818709620455
0.2208627450980393	-0.03875321905120753
0.2258823529411763	-0.03898009909724894
0.2309019607843133	-0.03865301089084435
0.23592156862745126	-0.03635855654381484
0.24094117647058833	-0.032619643190441
0.24596078431372528	-0.030733513431635665
0.25098039215686224	-0.030329582892821613
0.2560000000000002	-0.030659856566849678
0.2610196078431373	-0.03003116287773368
0.2660392156862743	-0.02945487167112114
0.27105882352941124	-0.0303598526483876
0.27607843137254934	-0.030380639313951203
0.2810980392156863	-0.030153389926241475
0.28611764705882325	-0.028208193148236742
0.29113725490196035	-0.027609289624762147
0.29615686274509834	-0.029073016395539594
0.3011764705882353	-0.030788626528759445
0.30619607843137225	-0.031964836895027174
0.3112156862745103	-0.030877309696398535
0.31623529411764734	-0.028703900899853012
0.3212549019607843	-0.025648116261317973
0.32627450980392125	-0.02180964987691236
0.33129411764705924	-0.020676033925104982
0.33631372549019634	-0.021031009558476525
0.34133333333333327	-0.023516813466474645
0.34635294117647025	-0.025711292257691122
0.35137254901960824	-0.02608383941824326
0.35639215686274534	-0.024135813343015757
0.36141176470588227	-0.018644029151803184
0.36643137254901925	-0.015654104749243076
0.37145098039215735	-0.016579219195564914
0.37647058823529433	-0.021617560003018003
0.38149019607843127	-0.025691262416365632
0.38650980392156836	-0.024711498935362758
0.39152941176470635	-0.02123672590501231
0.39654901960784333	-0.016373092740485606
0.40156862745098026	-0.015224000140899805
0.40658823529411736	-0.01587760290463383
0.41160784313725535	-0.01706244472011192
0.4166274509803923	-0.01687316269167955
0.42164705882352926	-0.013957680978627632
0.42666666666666625	-0.01446207142507362
0.43168627450980424	-0.015846210656884768
0.4367058823529413	-0.0172065452814401
0.44172549019607826	-0.015409347888413577
0.4467450980392153	-0.011950127829771593
0.45176470588235335	-0.011005450742122313
0.4567843137254903	-0.010575077959434308
0.46180392156862726	-0.01094818557010076
0.4668235294117643	-0.009528478303510767
0.4718431372549023	-0.008034975006769904
0.4768627450980393	-0.007366605914536478
0.48188235294117626	-0.007911611832264343
0.4869019607843133	-0.007985092616443376
0.4919215686274513	-0.0072680640259912424
0.4969411764705883	-0.00669793589251237
0.5019607843137253	-0.00633736282675148
0.5069803921568623	-0.006519149634828446
0.5120000000000003	-0.006896920914260432
0.5170196078431373	-0.008481169059471983
0.5220392156862742	-0.009912794840860606
0.5270588235294112	-0.011190070730558544
0.5320784313725493	-0.012194845258657822
0.5370980392156862	-0.011941680237752302
0.5421176470588234	-0.0074926153581496326
0.5471372549019603	-0.0026315841921224193
0.5521568627450982	0.00008436585092306165
0.5571764705882353	-0.0012981305786401284
0.5621960784313723	-0.003112655773595942
0.5672156862745092	-0.003518348375956245