0.0150588235294117	-0.11284968366144253
0.020078431372549006	-0.11641319812022645
0.0250980392156862	-0.11953883543523194
0.030117647058823502	-0.12313456665612155
0.0351372549019607	-0.12747726651469865
0.040156862745098	-0.13090427849660022
0.0451764705882353	-0.13295701699748816
0.0501960784313725	-0.13351176596800599
0.0552156862745098	-0.13198212302909326
0.0602352941176473	-0.13072343875548337
0.0652549019607843	-0.12986404455425143
0.07027450980392129	-0.12913254610708216
0.07529411764705929	-0.1289413242235675
0.0803137254901963	-0.12959456748377463
0.0853333333333333	-0.13006728064524284
0.09035294117647029	-0.1286430003802034
0.09537254901960832	-0.1268276313356799
0.1003921568627453	-0.1254581547234977
0.10541176470588229	-0.12337385380001456
0.1104313725490193	-0.11836410337338252
0.1154509803921573	-0.11316210074034963
0.12047058823529429	-0.11025143105701814
0.12549019607843132	-0.1095986346872529
0.1305098039215683	-0.10789281141322564
0.1355294117647063	-0.10215914908370431
0.1405490196078433	-0.09603841532523957
0.14556862745098031	-0.09131596372372397
0.1505882352941173	-0.08895161900008876
0.1556078431372553	-0.08659242909069181
0.1606274509803923	-0.08488699581914043
0.1656470588235293	-0.08494684742491555
0.1706666666666663	-0.0838110163187645
0.1756862745098043	-0.07960171684005786
0.1807058823529413	-0.07403848274220586
0.18572549019607829	-0.06926157265440673
0.1907450980392153	-0.06608550685448034
0.1957647058823533	-0.06418026941901811
0.20078431372549033	-0.06436388437879709
0.20580392156862728	-0.06584573393523442
0.2108235294117643	-0.0649795195263772
0.21584313725490228	-0.06167702400822399
0.2208627450980393	-0.05677736756063585
0.2258823529411763	-0.05340794831332088
0.2309019607843133	-0.051642090031078496
0.23592156862745126	-0.051796224648158196
0.24094117647058833	-0.05286521270781769
0.24596078431372528	-0.05336562682196338
0.25098039215686224	-0.05274033436822914
0.2560000000000002	-0.05019764913379453
0.2610196078431373	-0.047212836793602234
0.2660392156862743	-0.04564640585416217
0.27105882352941124	-0.04567818622681374
0.27607843137254934	-0.04569826002588627
0.2810980392156863	-0.04383706148837668
0.28611764705882325	-0.04212353996319743
0.29113725490196035	-0.04186107211285216
0.29615686274509834	-0.041211059422146486
0.3011764705882353	-0.03899560964764892
0.30619607843137225	-0.035585635298587465
0.3112156862745103	-0.03433722494423277
0.31623529411764734	-0.034162041639592654
0.3212549019607843	-0.033775309732060964
0.32627450980392125	-0.031577176869678744
0.33129411764705924	-0.02939489339757414
0.33631372549019634	-0.02692942525498788
0.34133333333333327	-0.025822090513574474
0.34635294117647025	-0.02499113078197744
0.35137254901960824	-0.026444030846255323
0.35639215686274534	-0.028317786302001186
0.36141176470588227	-0.029392279421546524
0.36643137254901925	-0.02928635945217972
0.37145098039215735	-0.026887554664635823
0.37647058823529433	-0.02580305272484652
0.38149019607843127	-0.02437351154620845
0.38650980392156836	-0.02460622001687915
0.39152941176470635	-0.02357265183117831
0.39654901960784333	-0.022591034670414893
0.40156862745098026	-0.022944029945580403
0.40658823529411736	-0.02507401523477261
0.41160784313725535	-0.02607414494222114
0.4166274509803923	-0.023764717186259863
0.42164705882352926	-0.018782764118473363
0.42666666666666625	-0.01577271793768517
0.43168627450980424	-0.014359265393985281
0.4367058823529413	-0.014362866255825942
0.44172549019607826	-0.015163706570567275
0.4467450980392153	-0.016319290152214554
0.45176470588235335	-0.017190783344828178
0.4567843137254903	-0.015362089431382996
0.46180392156862726	-0.013989049118498678
0.4668235294117643	-0.013220877901723927
0.4718431372549023	-0.013023610818684854
0.4768627450980393	-0.011256682726583792
0.48188235294117626	-0.009820694009453262
0.4869019607843133	-0.009575616255279565
0.4919215686274513	-0.011301215299111208
0.4969411764705883	-0.013119440635750004
0.5019607843137253	-0.01344243825570096
0.5069803921568623	-0.013165845508876669
0.5120000000000003	-0.011937616673285465
0.5170196078431373	-0.011491437288992636
0.5220392156862742	-0.009259099538155603
0.5270588235294112	-0.006540032283694346
0.5320784313725493	-0.005025570184069119
0.5370980392156862	-0.0056505522990531664
0.5421176470588234	-0.0058355067936424285
0.5471372549019603	-0.003471754640047755
0.5521568627450982	-0.0005955958251974972
0.5571764705882353	-0.0005842506306932823
0.5621960784313723	-0.003556476803422477
0.5672156862745092	-0.006179890209612624