0.0150588235294117	-0.11098478335837589
0.020078431372549006	-0.10895826240324943
0.0250980392156862	-0.10352188668510989
0.030117647058823502	-0.09819251238067375
0.0351372549019607	-0.095184274612123
0.040156862745098	-0.09418567604026871
0.0451764705882353	-0.09426149741197289
0.0501960784313725	-0.09316900462825661
0.0552156862745098	-0.09096816619948474
0.0602352941176473	-0.08768718683188621
0.0652549019607843	-0.08463726346229142
0.07027450980392129	-0.08360711838912672
0.07529411764705929	-0.08259864404732385
0.0803137254901963	-0.0789897981223843
0.0853333333333333	-0.07341105620822026
0.09035294117647029	-0.06996529797270669
0.09537254901960832	-0.06993215069430046
0.1003921568627453	-0.07105451905091602
0.10541176470588229	-0.07057710843849446
0.1104313725490193	-0.06882763633791417
0.1154509803921573	-0.06613337081718854
0.12047058823529429	-0.06383339582885303
0.12549019607843132	-0.06265868931138922
0.1305098039215683	-0.06275485260321557
0.1355294117647063	-0.06265226156868525
0.1405490196078433	-0.06113756728952466
0.14556862745098031	-0.0610373166091923
0.1505882352941173	-0.06106564476093229
0.1556078431372553	-0.06006017135004661
0.1606274509803923	-0.05583805788365805
0.1656470588235293	-0.0512490824724586
0.1706666666666663	-0.04825845758606362
0.1756862745098043	-0.04587410523015944
0.1807058823529413	-0.04564272967871038
0.18572549019607829	-0.0468086751648238
0.1907450980392153	-0.048970714870119655
0.1957647058823533	-0.047906209793501325
0.20078431372549033	-0.04451401854071994
0.20580392156862728	-0.04250333157693958
0.2108235294117643	-0.04417787247798925
0.21584313725490228	-0.047564303442301316
0.2208627450980393	-0.04752003899120926
0.2258823529411763	-0.043381904386767894
0.2309019607843133	-0.03889871908518937
0.23592156862745126	-0.03757772090423676
0.24094117647058833	-0.039038734661115425
0.24596078431372528	-0.03985850325208799
0.25098039215686224	-0.03910785085015042
0.2560000000000002	-0.038902501119208774
0.2610196078431373	-0.03895830987790711
0.2660392156862743	-0.03835443807855213
0.27105882352941124	-0.03421440883812267
0.27607843137254934	-0.02881609770475142
0.2810980392156863	-0.025584933651712948
0.28611764705882325	-0.027565379351953377
0.29113725490196035	-0.032336271733711945
0.29615686274509834	-0.03517429566949233
0.3011764705882353	-0.033948329673002646
0.30619607843137225	-0.031027047247430713
0.3112156862745103	-0.030372491638452147
0.31623529411764734	-0.030670775400307992
0.3212549019607843	-0.03041206990762491
0.32627450980392125	-0.02763830199109101
0.33129411764705924	-0.024349846720981384
0.33631372549019634	-0.022809500595348756
0.34133333333333327	-0.022251770630066517
0.34635294117647025	-0.023470633050021925
0.35137254901960824	-0.024281725801369957
0.35639215686274534	-0.024843394067595212
0.36141176470588227	-0.02543160197353352
0.36643137254901925	-0.024896342109478865
0.37145098039215735	-0.025378995107504125
0.37647058823529433	-0.023181372185901866
0.38149019607843127	-0.02141390260679882
0.38650980392156836	-0.019415202967957207
0.39152941176470635	-0.019001340666656135
0.39654901960784333	-0.01979136160079775
0.40156862745098026	-0.018266224041237976
0.40658823529411736	-0.017168296765453995
0.41160784313725535	-0.014855034498000602
0.4166274509803923	-0.014418399924484777
0.42164705882352926	-0.013532764709543317
0.42666666666666625	-0.012308639341099235
0.43168627450980424	-0.011424930342122788
0.4367058823529413	-0.01125594953048489
0.44172549019607826	-0.012306790194404792
0.4467450980392153	-0.012899072363294094
0.45176470588235335	-0.01293652295869046
0.4567843137254903	-0.013553405250465219
0.46180392156862726	-0.014780290220526718
0.4668235294117643	-0.015128010069154976
0.4718431372549023	-0.013909989888791769
0.4768627450980393	-0.012084376936578234
0.48188235294117626	-0.012168247636856562
0.4869019607843133	-0.012461088286854759
0.4919215686274513	-0.0118025553511742
0.4969411764705883	-0.008415592234002851
0.5019607843137253	-0.005081595783935119
0.5069803921568623	-0.0037748394563208035
0.5120000000000003	-0.005071283948393957
0.5170196078431373	-0.008058797800655429
0.5220392156862742	-0.009349395602758525
0.5270588235294112	-0.00949394296666722
0.5320784313725493	-0.007479508658108104
0.5370980392156862	-0.003933767321983673
0.5421176470588234	-0.001861616459595221
0.5471372549019603	-0.000980024857017226
0.5521568627450982	-0.0019509754608575231
0.5571764705882353	-0.0007196594024204196
0.5621960784313723	-0.0005089868697123102
0.5672156862745092	-0.0021713044930521575