0.0150588235294117	-0.08483051875876679
0.020078431372549006	-0.08130257212188352
0.0250980392156862	-0.07959481910835096
0.030117647058823502	-0.07922290359297325
0.0351372549019607	-0.0779794890412057
0.040156862745098	-0.07542716268425605
0.0451764705882353	-0.07518615894073023
0.0501960784313725	-0.07620534351241794
0.0552156862745098	-0.07552055702011899
0.0602352941176473	-0.07207738224164612
0.0652549019607843	-0.06686032100270195
0.07027450980392129	-0.06327061154636972
0.07529411764705929	-0.06269431198298692
0.0803137254901963	-0.06503423648233754
0.0853333333333333	-0.06671657375653012
0.09035294117647029	-0.06473993998978715
0.09537254901960832	-0.06071160709531002
0.1003921568627453	-0.05849950176355419
0.10541176470588229	-0.05951879473166053
0.1104313725490193	-0.06014343410918706
0.1154509803921573	-0.058727071843677085
0.12047058823529429	-0.054263767549061925
0.12549019607843132	-0.05078450118629859
0.1305098039215683	-0.05052014214745859
0.1355294117647063	-0.05237369402853656
0.1405490196078433	-0.05310024983395674
0.14556862745098031	-0.05189491219965998
0.1505882352941173	-0.05004054825070891
0.1556078431372553	-0.04849988802631547
0.1606274509803923	-0.04649164540933004
0.1656470588235293	-0.04391954871566175
0.1706666666666663	-0.04279276474090377
0.1756862745098043	-0.041959389089284836
0.1807058823529413	-0.04299726518436987
0.18572549019607829	-0.042886387750300375
0.1907450980392153	-0.0429130956917091
0.1957647058823533	-0.04196735557761039
0.20078431372549033	-0.04028690242147923
0.20580392156862728	-0.04053055970196749
0.2108235294117643	-0.04140803883987058
0.21584313725490228	-0.04322762116539157
0.2208627450980393	-0.04230459962722107
0.2258823529411763	-0.0383081620209069
0.2309019607843133	-0.034900250541783404
0.23592156862745126	-0.03332333034438658
0.24094117647058833	-0.0364025733875477
0.24596078431372528	-0.03868642461535054
0.25098039215686224	-0.039036996991130606
0.2560000000000002	-0.03718536149271863
0.2610196078431373	-0.03561508793386714
0.2660392156862743	-0.035907233793100075
0.27105882352941124	-0.03466539156492134
0.27607843137254934	-0.03192888896277711
0.2810980392156863	-0.027324759431656995
0.28611764705882325	-0.025446651235748605
0.29113725490196035	-0.026110617290239682
0.29615686274509834	-0.027163559309400304
0.3011764705882353	-0.027106233839089996
0.30619607843137225	-0.026902984100097792
0.3112156862745103	-0.02802973438961732
0.31623529411764734	-0.028854335911795835
0.3212549019607843	-0.028785609911060047
0.32627450980392125	-0.027838541330349627
0.33129411764705924	-0.025886980643519773
0.33631372549019634	-0.023332406895171926
0.34133333333333327	-0.021032723888385795
0.34635294117647025	-0.020042714019427074
0.35137254901960824	-0.019710084168931566
0.35639215686274534	-0.019382425368405766
0.36141176470588227	-0.019439589721794607
0.36643137254901925	-0.020603626440643293
0.37145098039215735	-0.02237953616865021
0.37647058823529433	-0.023908738706595396
0.38149019607843127	-0.023564297584873283
0.38650980392156836	-0.021496590360124912
0.39152941176470635	-0.018598397805648093
0.39654901960784333	-0.017107053119198523
0.40156862745098026	-0.01786634821871739
0.40658823529411736	-0.019304665418542317
0.41160784313725535	-0.019707262281002853
0.4166274509803923	-0.017851207709524208
0.42164705882352926	-0.01408771681991552
0.42666666666666625	-0.009949775232194638
0.43168627450980424	-0.008045893981278347
0.4367058823529413	-0.008577412947535407
0.44172549019607826	-0.00996060726848403
0.4467450980392153	-0.010921353028848266
0.45176470588235335	-0.012184879472845916
0.4567843137254903	-0.013692541938357538
0.46180392156862726	-0.013442728322522548
0.4668235294117643	-0.011782379034882749
0.4718431372549023	-0.01040957772570149
0.4768627450980393	-0.010442531062939664
0.48188235294117626	-0.011269899395621072
0.4869019607843133	-0.010310921251672002
0.4919215686274513	-0.007196150609280257
0.4969411764705883	-0.004436437258986976
0.5019607843137253	-0.0032495159272885837
0.5069803921568623	-0.004217897008789328
0.5120000000000003	-0.00444127756542161
0.5170196078431373	-0.00453856086347945
0.5220392156862742	-0.006113355853510729
0.5270588235294112	-0.007830705158687633
0.5320784313725493	-0.009832662700876089
0.5370980392156862	-0.010096836695412897
0.5421176470588234	-0.009339578345462214
0.5471372549019603	-0.006423938939097012
0.5521568627450982	-0.001609118216049149
0.5571764705882353	0.0026129406802322093
0.5621960784313723	0.003931312030888227
0.5672156862745092	0.002159246464860083