0.0150588235294117	-0.10753039843484781
0.020078431372549006	-0.11001085876959012
0.0250980392156862	-0.11424631866536211
0.030117647058823502	-0.12095243565461018
0.0351372549019607	-0.12953537840708734
0.040156862745098	-0.13698479082815435
0.0451764705882353	-0.1424753350381561
0.0501960784313725	-0.1437184491808772
0.0552156862745098	-0.14092477339245327
0.0602352941176473	-0.1365353148253201
0.0652549019607843	-0.1337707113608342
0.07027450980392129	-0.135114178129344
0.07529411764705929	-0.1367352617889932
0.0803137254901963	-0.13653789385771445
0.0853333333333333	-0.1344686943356552
0.09035294117647029	-0.1329210852773959
0.09537254901960832	-0.12950647097308185
0.1003921568627453	-0.12415877614831072
0.10541176470588229	-0.1179908131973733
0.1104313725490193	-0.11666492978266114
0.1154509803921573	-0.11751354997574245
0.12047058823529429	-0.11719129804742841
0.12549019607843132	-0.11385309817076476
0.1305098039215683	-0.10961275545295418
0.1355294117647063	-0.1069374458887999
0.1405490196078433	-0.10315795570656833
0.14556862745098031	-0.09769019395239048
0.1505882352941173	-0.09165636934862423
0.1556078431372553	-0.08742277779773285
0.1606274509803923	-0.08530091294115039
0.1656470588235293	-0.08442414730892717
0.1706666666666663	-0.08282371439840057
0.1756862745098043	-0.08089840269649916
0.1807058823529413	-0.07757595782601052
0.18572549019607829	-0.07438470743947102
0.1907450980392153	-0.07081075618683737
0.1957647058823533	-0.06670676080783437
0.20078431372549033	-0.06524306941073926
0.20580392156862728	-0.06520840986840072
0.2108235294117643	-0.06603205171565217
0.21584313725490228	-0.0640438862495346
0.2208627450980393	-0.061091358709498195
0.2258823529411763	-0.05873111933334046
0.2309019607843133	-0.05634646260597655
0.23592156862745126	-0.05354054172688078
0.24094117647058833	-0.05105382129388901
0.24596078431372528	-0.05022936812223199
0.25098039215686224	-0.050481987493328585
0.2560000000000002	-0.05031172649887996
0.2610196078431373	-0.04887060511201516
0.2660392156862743	-0.04598905522860546
0.27105882352941124	-0.043253729274883974
0.27607843137254934	-0.04218492774586505
0.2810980392156863	-0.04279171596275353
0.28611764705882325	-0.042712152685620224
0.29113725490196035	-0.04176430975577162
0.29615686274509834	-0.04042372936161683
0.3011764705882353	-0.039348019294765335
0.30619607843137225	-0.03806046329346664
0.3112156862745103	-0.03650699695562003
0.31623529411764734	-0.03552822303908999
0.3212549019607843	-0.03493958066785881
0.32627450980392125	-0.03454284370938251
0.33129411764705924	-0.0334175459881211
0.33631372549019634	-0.03088359620028101
0.34133333333333327	-0.028424013986341284
0.34635294117647025	-0.028142316223893647
0.35137254901960824	-0.029227573042424692
0.35639215686274534	-0.03002458447139248
0.36141176470588227	-0.028645386486239426
0.36643137254901925	-0.027221577849863798
0.37145098039215735	-0.025289286459365835
0.37647058823529433	-0.023961122673318715
0.38149019607843127	-0.022625311229094204
0.38650980392156836	-0.023200471273242724
0.39152941176470635	-0.024933570524134797
0.39654901960784333	-0.026484947572927558
0.40156862745098026	-0.025861859324359398
0.40658823529411736	-0.02275792554741059
0.41160784313725535	-0.01973369587565695
0.4166274509803923	-0.018278425489495067
0.42164705882352926	-0.01671928340218383
0.42666666666666625	-0.01509483718864896
0.43168627450980424	-0.014176501779959768
0.4367058823529413	-0.015858970834145097
0.44172549019607826	-0.017622448387726763
0.4467450980392153	-0.017895025170804397
0.45176470588235335	-0.01606862754399232
0.4567843137254903	-0.013231955747308247
0.46180392156862726	-0.01122042998925465
0.4668235294117643	-0.011348939644908315
0.4718431372549023	-0.01336622218979573
0.4768627450980393	-0.014173331985776296
0.48188235294117626	-0.014096079002476003
0.4869019607843133	-0.012424862819062403
0.4919215686274513	-0.010274528456778651
0.4969411764705883	-0.007115864992115784
0.5019607843137253	-0.005385665077877073
0.5069803921568623	-0.005878786230609048
0.5120000000000003	-0.0073595969906319605
0.5170196078431373	-0.006968220653316442
0.5220392156862742	-0.005514089384810581
0.5270588235294112	-0.00571929328065509
0.5320784313725493	-0.007639524093224178
0.5370980392156862	-0.009058270460203334
0.5421176470588234	-0.00682344204529898
0.5471372549019603	-0.0037742874122769342
0.5521568627450982	-0.0007859294812726283
0.5571764705882353	-0.00027781832716631876
0.5621960784313723	-0.00146934209375032
0.5672156862745092	-0.002686777951477086