0.	-0.00009157590624087592
0.005019607843137197	-0.00009543773032846716
0.010039215686274503	-0.00011349703273722629
0.0150588235294117	-0.00011146347886861314
0.020078431372549006	-0.00012099077229927009
0.0250980392156862	-0.00012187701072992701
0.030117647058823502	-0.0001236747999270073
0.0351372549019607	-0.00011666429302919709
0.040156862745098	-0.00012088839153284672
0.0451764705882353	-0.0001321368147810219
0.0501960784313725	-0.0001240797982481752
0.0552156862745098	-0.0001343185536131387
0.0602352941176473	-0.00011986482751824818
0.0652549019607843	-0.00012559194635036497
0.07027450980392129	-0.00011759529149635039
0.07529411764705929	-0.0001176720988321168
0.0803137254901963	-0.00011555165270072994
0.0853333333333333	-0.00010475585062043796
0.09035294117647029	-0.00010521390142335768
0.09537254901960832	-0.00009932096857664234
0.1003921568627453	-0.00010209847540145987
0.10541176470588229	-0.00009387456587591242
0.1104313725490193	-0.00008321780357664233
0.1154509803921573	-0.0000883478752919708
0.12047058823529429	-0.00009336247930656935
0.12549019607843132	-0.00009089165361313869
0.1305098039215683	-0.0000825816001459854
0.1355294117647063	-0.00007480076631386862
0.1405490196078433	-0.00007290437708029198
0.14556862745098031	-0.00007161097806569343
0.1505882352941173	-0.00007359659583941607
0.1556078431372553	-0.00006562950835766424
0.1606274509803923	-0.0000677452339781022
0.1656470588235293	-0.00006645852197080292
0.1706666666666663	-0.00006431779288321168
0.1756862745098043	-0.00006530288361313869
0.1807058823529413	-0.00006256211846715328
0.18572549019607829	-0.000054407467810218985
0.1907450980392153	-0.00004882567989051096
0.1957647058823533	-0.00004699844514598541
0.20078431372549033	-0.00005549432587591241
0.20580392156862728	-0.00005125890248175183
0.2108235294117643	-0.000043957046350364965
0.21584313725490228	-0.00005145455364963504
0.2208627450980393	-0.0000573873041240876
0.2258823529411763	-0.00004985356854014599
0.2309019607843133	-0.00003965696277372263
0.23592156862745126	-0.000052328536094890517
0.24094117647058833	-0.00004526647773722628
0.24596078431372528	-0.00003889347080291971
0.25098039215686224	-0.00004327147547445256
0.2560000000000002	-0.00004097216321167883
0.2610196078431373	-0.000054302032846715334
0.2660392156862743	-0.000041198325839416064
0.27105882352941124	-0.000042472764525547446
0.27607843137254934	-0.0000403853794160584
0.2810980392156863	-0.00003644740929562044
0.28611764705882325	-0.000028447419624087594
0.29113725490196035	-0.00002912789583211679
0.29615686274509834	-0.00003170074772627738
0.3011764705882353	-0.00003775789788321168
0.30619607843137225	-0.00003302470393430657
0.3112156862745103	-0.00003671124032846716
0.31623529411764734	-0.00003675469518248176
0.3212549019607843	-0.000034884299240875914
0.32627450980392125	-0.0000385624039781022
0.33129411764705924	-0.000028110055156934308
0.33631372549019634	-0.000026520806072992703
0.34133333333333327	-0.000030815068386861314
0.34635294117647025	-0.00003187253527372263
0.35137254901960824	-0.00003466996398175183
0.35639215686274534	-0.000032298173346715334
0.36141176470588227	-0.00003672008967153285
0.36643137254901925	-0.000034486170667883215
0.37145098039215735	-0.000030721610916058395
0.37647058823529433	-0.00003073116941240876
0.38149019607843127	-0.000041505568211678836
0.38650980392156836	-0.000029523205149635037
0.39152941176470635	-0.000025617828335766426
0.39654901960784333	-0.00001894927590510949
0.40156862745098026	-0.000025183628076642337
0.40658823529411736	-0.000034064504788321173
0.41160784313725535	-0.00003389053318613139
0.4166274509803923	-0.000027138445065693433
0.42164705882352926	-0.000024645524302919713
0.42666666666666625	-0.000033078859321167884
0.43168627450980424	-0.000028652487879562043
0.4367058823529413	-0.000019456254740875913
0.44172549019607826	-0.000027202446094890514
0.4467450980392153	-0.00002450397632481752
0.45176470588235335	-0.000022202819368613142
0.4567843137254903	-0.000023399432645985404
0.46180392156862726	-0.000018945614788321172
0.4668235294117643	-0.000015527040419708032
0.4718431372549023	-0.000017118871645985402
0.4768627450980393	-0.000024953317032846715
0.48188235294117626	-0.00002757051347810219
0.4869019607843133	-9.130561437956205e-6
0.4919215686274513	-0.00002112524352919708
0.4969411764705883	-0.00001803300894160584
0.5019607843137253	-0.00003032161371532847
0.5069803921568623	-0.00002644787522262774
0.5120000000000003	-0.000030899733087591245
0.5170196078431373	-0.000012690060547445257
0.5220392156862742	-0.000025685990813868616
0.5270588235294112	-0.000026790584525547447
0.5320784313725493	-0.00002403813774452555
0.5370980392156862	-0.00002381642586861314
0.5421176470588234	-0.00002145648220072993
0.5471372549019603	-0.0000189168283540146
0.5521568627450982	-0.00002019215456934307
0.5571764705882353	-0.000026522679051094893
0.5621960784313723	-0.00001719169590510949
0.5672156862745092	-0.000017794023682481753
0.5722352941176473	-0.000027284043547445257
0.5772549019607842	-0.000013110425569343066
0.5822745098039213	-0.00001945444702189781
0.5872941176470583	-0.000011294459120437956
0.5923137254901962	-0.000016780757773722628
0.5973333333333333	-0.000026438991083941606