0.	-0.00008077764164233577
0.005019607843137197	-0.00007304207251824818
0.010039215686274503	-0.00006682966313868614
0.0150588235294117	-0.00006655285394160585
0.020078431372549006	-0.0000676457638321168
0.0250980392156862	-0.0000646065839051095
0.030117647058823502	-0.0000706119041240876
0.0351372549019607	-0.00006150003766423358
0.040156862745098	-0.00006272151087591241
0.0451764705882353	-0.000066694560729927
0.0501960784313725	-0.000070084294270073
0.0552156862745098	-0.00006156104759124089
0.0602352941176473	-0.000044971151934306574
0.0652549019607843	-0.00006133309244525547
0.07027450980392129	-0.00005696236653284672
0.07529411764705929	-0.000054729833211678835
0.0803137254901963	-0.00005021421142335767
0.0853333333333333	-0.00005249949266423358
0.09035294117647029	-0.000056395935328467155
0.09537254901960832	-0.00004027912653284672
0.1003921568627453	-0.00004555579518248176
0.10541176470588229	-0.00004730100613138687
0.1104313725490193	-0.00004666852689781022
0.1154509803921573	-0.00004036102850364964
0.12047058823529429	-0.000042628789452554746
0.12549019607843132	-0.00004407981886861314
0.1305098039215683	-0.000036190822175182486
0.1355294117647063	-0.00004417495135036496
0.1405490196078433	-0.00003749514149635037
0.14556862745098031	-0.0000406702243430657
0.1505882352941173	-0.000037242208941605845
0.1556078431372553	-0.00004599640839416059
0.1606274509803923	-0.00003550434417153285
0.1656470588235293	-0.00003642581457664234
0.1706666666666663	-0.000037567367518248176
0.1756862745098043	-0.000046928838211678834
0.1807058823529413	-0.00003769732740875912
0.18572549019607829	-0.00003122949687226278
0.1907450980392153	-0.00003574000005474453
0.1957647058823533	-0.00003459868204744526
0.20078431372549033	-0.000026983061846715333
0.20580392156862728	-0.00003735815521897811
0.2108235294117643	-0.000037230988503649636
0.21584313725490228	-0.00003032606231021898
0.2208627450980393	-0.000027097167759124092
0.2258823529411763	-0.00003146500918248175
0.2309019607843133	-0.0000309375124270073
0.23592156862745126	-0.00003131352854379562
0.24094117647058833	-0.00003960999693430657
0.24596078431372528	-0.000028750113328467156
0.25098039215686224	-0.00003360193141240876
0.2560000000000002	-0.000035526047656934305
0.2610196078431373	-0.000034664982427007305
0.2660392156862743	-0.000034016540452554747
0.27105882352941124	-0.000024675750821167883
0.27607843137254934	-0.000025306879167883213
0.2810980392156863	-0.00003306697755109489
0.28611764705882325	-0.000027484539215328468
0.29113725490196035	-0.00002063879783941606
0.29615686274509834	-0.000027679422474452557
0.3011764705882353	-0.0000250075724890511
0.30619607843137225	-0.000026256924996350366
0.3112156862745103	-0.00002492605117153285
0.31623529411764734	-0.00003061298471167883
0.3212549019607843	-0.00002688693739051095
0.32627450980392125	-0.000025551947799270074
0.33129411764705924	-0.00003116443862043796
0.33631372549019634	-0.000028321227452554745
0.34133333333333327	-0.000029874187317518253
0.34635294117647025	-0.000017277890967153287
0.35137254901960824	-0.00002499752018613139
0.35639215686274534	-0.00002037222802919708
0.36141176470588227	-0.00002919344571532847
0.36643137254901925	-0.000025262397572992705
0.37145098039215735	-0.00002410231498175183
0.37647058823529433	-0.000026668192697080294
0.38149019607843127	-0.000015464944996350367
0.38650980392156836	-0.00003459707011313869
0.39152941176470635	-0.000025086424645985405
0.39654901960784333	-0.000031071520635036495
0.40156862745098026	-0.00002711800110583942
0.40658823529411736	-0.00003096511764233577
0.41160784313725535	-0.00002353798733941606
0.4166274509803923	-0.000023317798211678836
0.42164705882352926	-0.00003191293373722628
0.42666666666666625	-0.000022692752145985403
0.43168627450980424	-0.000021828114985401465
0.4367058823529413	-0.00002885710583941606
0.44172549019607826	-0.000018541586660583944
0.4467450980392153	-0.000020461791624087594
0.45176470588235335	-0.0000170657549890511
0.4567843137254903	-0.000015329744693430658
0.46180392156862726	-0.00002097328866423358
0.4668235294117643	-0.000021508433959854015
0.4718431372549023	-0.000021147094937956208
0.4768627450980393	-0.00003055989089781022
0.48188235294117626	-0.000023893800963503652
0.4869019607843133	-0.000026323584310218982
0.4919215686274513	-0.000021260852795620436
0.4969411764705883	-0.000021924517886861317
0.5019607843137253	-0.000025077640576642336
0.5069803921568623	-0.000014548841182481753
0.5120000000000003	-0.000019074199843065694
0.5170196078431373	-0.000013085924576642336
0.5220392156862742	-6.188972153284672e-6
0.5270588235294112	-0.000011985540171532849
0.5320784313725493	-0.000021884915602189785
0.5370980392156862	-0.000019585046456204382
0.5421176470588234	-0.000010187010259124087
0.5471372549019603	-0.00002033301731021898
0.5521568627450982	-0.000025634452375912414
0.5571764705882353	-0.000018798852489051097
0.5621960784313723	-0.00001569381269343066
0.5672156862745092	-0.000013556637032846716
0.5722352941176473	-0.00001705094736861314
0.5772549019607842	-8.56737041970803e-6
0.5822745098039213	-0.00001672304786131387
0.5872941176470583	-0.00001356542436861314
0.5923137254901962	-0.000018732384609489056
0.5973333333333333	-0.00002268696788321168