0.	-0.00008411570186131388
0.005019607843137197	-0.00007570142291970804
0.010039215686274503	-0.00008165676229927009
0.0150588235294117	-0.00007968037667883211
0.020078431372549006	-0.00007770213766423358
0.0250980392156862	-0.00008013173613138685
0.030117647058823502	-0.0000717645491970803
0.0351372549019607	-0.00006680485974452555
0.040156862745098	-0.00006067848116788322
0.0451764705882353	-0.00006875431886861314
0.0501960784313725	-0.000059725094014598544
0.0552156862745098	-0.000057022741240875913
0.0602352941176473	-0.000058672958905109494
0.0652549019607843	-0.00005550302729927008
0.07027450980392129	-0.00005464264510948905
0.07529411764705929	-0.00004865031609489052
0.0803137254901963	-0.00004545890065693431
0.0853333333333333	-0.00005253396766423358
0.09035294117647029	-0.000052779299489051096
0.09537254901960832	-0.00004419265003649636
0.1003921568627453	-0.00005178264021897811
0.10541176470588229	-0.00005745890364963504
0.1104313725490193	-0.00004804016901459855
0.1154509803921573	-0.00005431232660583942
0.12047058823529429	-0.00004367305416058395
0.12549019607843132	-0.00004977476857664234
0.1305098039215683	-0.00004951050248175183
0.1355294117647063	-0.0000425513947810219
0.1405490196078433	-0.00005267592240875913
0.14556862745098031	-0.0000399192493430657
0.1505882352941173	-0.00005492038536496351
0.1556078431372553	-0.000042617756094890516
0.1606274509803923	-0.00004057004937956205
0.1656470588235293	-0.00003393580443795621
0.1706666666666663	-0.00004490918051094891
0.1756862745098043	-0.000025951314145985405
0.1807058823529413	-0.00003504665881021898
0.18572549019607829	-0.00004504702821167883
0.1907450980392153	-0.00003162044460583942
0.1957647058823533	-0.000041995896897810226
0.20078431372549033	-0.00002962472882481752
0.20580392156862728	-0.00003287495052554745
0.2108235294117643	-0.000038816698284671536
0.21584313725490228	-0.000027046636507299272
0.2208627450980393	-0.00003528100948175183
0.2258823529411763	-0.00004231567799270073
0.2309019607843133	-0.000021291903770072997
0.23592156862745126	-0.000036266946445255475
0.24094117647058833	-0.00003917272072992701
0.24596078431372528	-0.00003385326070437957
0.25098039215686224	-0.000039976970109489056
0.2560000000000002	-0.000027666181109489052
0.2610196078431373	-0.000038203923357664234
0.2660392156862743	-0.000023006139879562045
0.27105882352941124	-0.00003056373909489051
0.27607843137254934	-0.00002932437144890511
0.2810980392156863	-0.00003435439654379562
0.28611764705882325	-0.000033134798500000006
0.29113725490196035	-0.000030773943357664234
0.29615686274509834	-0.00004055996445255474
0.3011764705882353	-0.00002829744867883212
0.30619607843137225	-0.000029437846510948906
0.3112156862745103	-0.00003017005694160584
0.31623529411764734	-0.00002496254487591241
0.3212549019607843	-0.00003444645309124088
0.32627450980392125	-0.00002649341621532847
0.33129411764705924	-0.000026722100094890515
0.33631372549019634	-0.000023990105974452557
0.34133333333333327	-0.000027266958335766425
0.34635294117647025	-0.00002676259644890511
0.35137254901960824	-0.000028315245233576646
0.35639215686274534	-0.000031241250299270074
0.36141176470588227	-0.000024890947514598544
0.36643137254901925	-9.927469014598541e-6
0.37145098039215735	-0.000022623430204379563
0.37647058823529433	-0.000024559767576642336
0.38149019607843127	-0.00003446127811313869
0.38650980392156836	-0.000027532764594890514
0.39152941176470635	-0.000026406091058394163
0.39654901960784333	-0.000025167208518248175
0.40156862745098026	-0.000022252793729927013
0.40658823529411736	-0.000030511030313868616
0.41160784313725535	-0.000022341145649635038
0.4166274509803923	-0.000032885720693430655
0.42164705882352926	-0.000019969729175182486
0.42666666666666625	-0.000019436591733576643
0.43168627450980424	-0.00002438251336861314
0.4367058823529413	-0.000027066773740875917
0.44172549019607826	-0.000024312066770072995
0.4467450980392153	-0.00002032571247810219
0.45176470588235335	-0.000018833766886861317
0.4567843137254903	-0.00002018075572262774
0.46180392156862726	-0.00001733535071532847
0.4668235294117643	-0.00001862182016788321
0.4718431372549023	-0.00002122493555839416
0.4768627450980393	-0.000022472099667883214
0.48188235294117626	-0.000021059360817518248
0.4869019607843133	-0.000018314747478102192
0.4919215686274513	-0.000019530871489051095
0.4969411764705883	-0.000018631204635036497
0.5019607843137253	-0.000023011774043795623
0.5069803921568623	-0.00001655967348540146
0.5120000000000003	-0.000021161252131386864
0.5170196078431373	-0.00001727431686131387
0.5220392156862742	-0.000019469591821167884
0.5270588235294112	-0.000015206491423357666
0.5320784313725493	-0.00002138657944160584
0.5370980392156862	-0.00002599452533941606
0.5421176470588234	-0.000024942953656934308
0.5471372549019603	-0.000017537981489051096
0.5521568627450982	-0.000018802652828467155
0.5571764705882353	-0.00001710581844890511
0.5621960784313723	-0.000010699134890510949
0.5672156862745092	-0.000026542157153284673
0.5722352941176473	-0.00001559802215328467
0.5772549019607842	-0.000018666166894160588
0.5822745098039213	-0.000023689539762773722
0.5872941176470583	-0.000023208143065693436
0.5923137254901962	-0.000016754713372262777
0.5973333333333333	-0.000011289034883211679