0.	-0.00006348193996350365
0.005019607843137197	-0.00008130530372262776
0.010039215686274503	-0.00008677079729927009
0.0150588235294117	-0.00009290289704379563
0.020078431372549006	-0.00009971374142335767
0.0250980392156862	-0.00011614179959854016
0.030117647058823502	-0.00012356449218978104
0.0351372549019607	-0.00013316780109489052
0.040156862745098	-0.00013905600040145988
0.0451764705882353	-0.0001455083032481752
0.0501960784313725	-0.00013227049452554747
0.0552156862745098	-0.00014185607868613141
0.0602352941176473	-0.00012743867226277372
0.0652549019607843	-0.00013564905109489053
0.07027450980392129	-0.0001425484149270073
0.07529411764705929	-0.00014099235083941605
0.0803137254901963	-0.00012824839047445257
0.0853333333333333	-0.00013510851094890512
0.09035294117647029	-0.00013357600156934307
0.09537254901960832	-0.00012413978576642336
0.1003921568627453	-0.00011449363109489052
0.10541176470588229	-0.00011636968945255476
0.1104313725490193	-0.0001212960786131387
0.1154509803921573	-0.0001151620645620438
0.12047058823529429	-0.00011789648200729928
0.12549019607843132	-0.00009867607240875914
0.1305098039215683	-0.00010588471905109489
0.1355294117647063	-0.0001032259429562044
0.1405490196078433	-0.00009146286624087592
0.14556862745098031	-0.00008613722167883212
0.1505882352941173	-0.0000848488041970803
0.1556078431372553	-0.0000811176143430657
0.1606274509803923	-0.00008261117620437958
0.1656470588235293	-0.00007807633302919709
0.1706666666666663	-0.000078923789270073
0.1756862745098043	-0.00007395981872262774
0.1807058823529413	-0.00006616399237226278
0.18572549019607829	-0.00007330281890510949
0.1907450980392153	-0.000060434306642335775
0.1957647058823533	-0.00006150443624087591
0.20078431372549033	-0.00006274605755474454
0.20580392156862728	-0.00006468462682481752
0.2108235294117643	-0.00006510588810218979
0.21584313725490228	-0.00005185791609489051
0.2208627450980393	-0.00005808460886861315
0.2258823529411763	-0.00005495832350364964
0.2309019607843133	-0.00005213295890510949
0.23592156862745126	-0.00004687314051094891
0.24094117647058833	-0.00005043771580291971
0.24596078431372528	-0.00005019265368613139
0.25098039215686224	-0.00005058239846715329
0.2560000000000002	-0.000047199269270072995
0.2610196078431373	-0.000048761563576642334
0.2660392156862743	-0.00004161405737226278
0.27105882352941124	-0.000041971372007299275
0.27607843137254934	-0.00004479416967153285
0.2810980392156863	-0.00004852411083941606
0.28611764705882325	-0.000039757546715328464
0.29113725490196035	-0.00004339598824817518
0.29615686274509834	-0.00004127218339416059
0.3011764705882353	-0.000043116059598540145
0.30619607843137225	-0.00003469190458394161
0.3112156862745103	-0.000042344762445255484
0.31623529411764734	-0.000036842649014598544
0.3212549019607843	-0.00003722652467153285
0.32627450980392125	-0.000038385256350364966
0.33129411764705924	-0.00003789162547445256
0.33631372549019634	-0.000028495788572992703
0.34133333333333327	-0.000035345136682481754
0.34635294117647025	-0.00003385586025182482
0.35137254901960824	-0.00003965031054744526
0.35639215686274534	-0.00003318783358029197
0.36141176470588227	-0.000031533300007299274
0.36643137254901925	-0.00003458285418613139
0.37145098039215735	-0.00003103742416788321
0.37647058823529433	-0.00002931106047080292
0.38149019607843127	-0.00003081504010948905
0.38650980392156836	-0.00003595752655109489
0.39152941176470635	-0.000030259448682481752
0.39654901960784333	-0.00003951963715328468
0.40156862745098026	-0.00002801065027372263
0.40658823529411736	-0.00002545634760583942
0.41160784313725535	-0.000026375586098540148
0.4166274509803923	-0.000029825022186131387
0.42164705882352926	-0.000023253625328467155
0.42666666666666625	-0.000024749334277372265
0.43168627450980424	-0.000022691109755474454
0.4367058823529413	-0.00003769120160583942
0.44172549019607826	-0.000022965345503649634
0.4467450980392153	-0.000029150767481751827
0.45176470588235335	-0.00002551857572262774
0.4567843137254903	-0.000024506042908759125
0.46180392156862726	-0.000015993967762773724
0.4668235294117643	-0.0000357721865620438
0.4718431372549023	-0.000024251280908759126
0.4768627450980393	-0.000025245867072992703
0.48188235294117626	-0.000026546716689781025
0.4869019607843133	-0.000024960402153284674
0.4919215686274513	-0.000018278005784671533
0.4969411764705883	-0.00002049571623722628
0.5019607843137253	-0.00002061288069708029
0.5069803921568623	-0.000022970259624087594
0.5120000000000003	-0.000027593224153284674
0.5170196078431373	-0.000020548096540145985
0.5220392156862742	-0.000018706800291970805
0.5270588235294112	-0.000025830923642335767
0.5320784313725493	-0.00003136283072262774
0.5370980392156862	-0.000020330968127737225
0.5421176470588234	-0.000019507225412408758
0.5471372549019603	-0.0000230226921350365
0.5521568627450982	-0.000013377964496350365
0.5571764705882353	-0.000024666209726277375
0.5621960784313723	-0.000021372306956204383
0.5672156862745092	-0.000025979815609489055
0.5722352941176473	-0.00001860828512773723
0.5772549019607842	-0.00001983248186861314
0.5822745098039213	-0.00002196513388321168
0.5872941176470583	-0.00002489875267883212
0.5923137254901962	-0.000015710910959854015
0.5973333333333333	-0.000025705334043795624