0.	-0.000054029683138686137
0.005019607843137197	-0.00006340930930656935
0.010039215686274503	-0.00006334874317518249
0.0150588235294117	-0.00005918209569343066
0.020078431372549006	-0.00005300194678832117
0.0250980392156862	-0.00005715672551094891
0.030117647058823502	-0.00005819491660583942
0.0351372549019607	-0.000055147148394160586
0.040156862745098	-0.00005342306883211679
0.0451764705882353	-0.000049692883978102195
0.0501960784313725	-0.000040365653321167894
0.0552156862745098	-0.00005095997430656935
0.0602352941176473	-0.000041446363832116794
0.0652549019607843	-0.00004300110532846716
0.07027450980392129	-0.00005605361321167884
0.07529411764705929	-0.000043587641131386866
0.0803137254901963	-0.00004143420361313869
0.0853333333333333	-0.00004132790722627738
0.09035294117647029	-0.00004200039554744526
0.09537254901960832	-0.00003775761510948906
0.1003921568627453	-0.00003738483372262774
0.10541176470588229	-0.00004639211361313869
0.1104313725490193	-0.00003776018638686132
0.1154509803921573	-0.00004089215375912409
0.12047058823529429	-0.00003931295697080292
0.12549019607843132	-0.000037637270291970804
0.1305098039215683	-0.000039967524744525554
0.1355294117647063	-0.000034756312405109496
0.1405490196078433	-0.000038104509781021907
0.14556862745098031	-0.00003768775583941606
0.1505882352941173	-0.000032405946810218984
0.1556078431372553	-0.000035528903894160586
0.1606274509803923	-0.00003302812141240876
0.1656470588235293	-0.00003318668064233577
0.1706666666666663	-0.00003519094555839416
0.1756862745098043	-0.000027147192153284674
0.1807058823529413	-0.00004734920324817519
0.18572549019607829	-0.00002932316630291971
0.1907450980392153	-0.00002333114834671533
0.1957647058823533	-0.000029167863572992704
0.20078431372549033	-0.000028103520401459855
0.20580392156862728	-0.000043541349635036494
0.2108235294117643	-0.000022048067003649638
0.21584313725490228	-0.000030251917613138687
0.2208627450980393	-0.000033106821295620445
0.2258823529411763	-0.00003793961810218979
0.2309019607843133	-0.000029035519510948907
0.23592156862745126	-0.000038640486058394166
0.24094117647058833	-0.000029779896682481752
0.24596078431372528	-0.00001935680634671533
0.25098039215686224	-0.000027866115536496352
0.2560000000000002	-0.000026796980062043798
0.2610196078431373	-0.000025569191813868617
0.2660392156862743	-0.000028470845989051097
0.27105882352941124	-0.00002978445404744526
0.27607843137254934	-0.000025077451321167884
0.2810980392156863	-0.00003637132200729927
0.28611764705882325	-0.00001936605594525548
0.29113725490196035	-0.00002796193544160584
0.29615686274509834	-0.000030504780529197083
0.3011764705882353	-0.000026071869978102194
0.30619607843137225	-0.000023451436609489055
0.3112156862745103	-0.00003256301375182482
0.31623529411764734	-0.00002354110679562044
0.3212549019607843	-0.000021654387025547447
0.32627450980392125	-0.00002634393037591241
0.33129411764705924	-0.00002603542848175183
0.33631372549019634	-0.00003052237260218978
0.34133333333333327	-0.000028757400755474452
0.34635294117647025	-0.000033551630748175184
0.35137254901960824	-0.000029165890529197085
0.35639215686274534	-0.00003151408729927008
0.36141176470588227	-0.00003545375201094891
0.36643137254901925	-0.00002847775490510949
0.37145098039215735	-0.000022294416916058396
0.37647058823529433	-0.000018831126010948908
0.38149019607843127	-0.000025923502270072995
0.38650980392156836	-0.00002023524611678832
0.39152941176470635	-0.00002531885883211679
0.39654901960784333	-0.00001530435398540146
0.40156862745098026	-0.000018517651262773723
0.40658823529411736	-0.00001549787873722628
0.41160784313725535	-0.00002145005186131387
0.4166274509803923	-0.000016000716791970806
0.42164705882352926	-0.000017571064240875913
0.42666666666666625	-0.000015582124682481754
0.43168627450980424	-0.000022610465105839417
0.4367058823529413	-0.0000171242121350365
0.44172549019607826	-0.00001744851796350365
0.4467450980392153	-0.00001901875882116788
0.45176470588235335	-0.00002766269401824818
0.4567843137254903	-0.00001920178641240876
0.46180392156862726	-0.00002454159251094891
0.4668235294117643	-0.000016700427463503653
0.4718431372549023	-0.000025161687474452557
0.4768627450980393	-0.00002236753702189781
0.48188235294117626	-0.000017567166010948904
0.4869019607843133	-0.0000182725543540146
0.4919215686274513	-0.000015744856240875915
0.4969411764705883	-0.00002999269831751825
0.5019607843137253	-0.000022814012791970806
0.5069803921568623	-0.000021820207580291973
0.5120000000000003	-0.000023609441127737227
0.5170196078431373	-0.000013687699813868614
0.5220392156862742	-0.00001675868012773723
0.5270588235294112	-0.000012735005496350366
0.5320784313725493	-0.000016098738153284672
0.5370980392156862	-0.00002240356737591241
0.5421176470588234	-0.000020923906000000005
0.5471372549019603	-0.00002296519540510949
0.5521568627450982	-0.000019518598153284674
0.5571764705882353	-0.000024846294065693436
0.5621960784313723	-0.000013741878043795623
0.5672156862745092	-0.000026663733226277375
0.5722352941176473	-0.000016615574594890513
0.5772549019607842	-0.000014752525916058395
0.5822745098039213	-9.110840240875913e-6
0.5872941176470583	-0.00001629069012408759
0.5923137254901962	-0.000016915166248175182
0.5973333333333333	-0.000018374252058394163