0.	-0.00005689567021897811
0.005019607843137197	-0.000052608477810218984
0.010039215686274503	-0.00004917139989051096
0.0150588235294117	-0.00004708516335766424
0.020078431372549006	-0.00006283075704379563
0.0250980392156862	-0.00005126922233576643
0.030117647058823502	-0.00005421835142335767
0.0351372549019607	-0.00004597304076642336
0.040156862745098	-0.00004819108186131387
0.0451764705882353	-0.00004594167218978103
0.0501960784313725	-0.0000502386797810219
0.0552156862745098	-0.000042945029087591246
0.0602352941176473	-0.00004375720109489052
0.0652549019607843	-0.00005043013251824818
0.07027450980392129	-0.000047086325
0.07529411764705929	-0.00004330570244525548
0.0803137254901963	-0.0000466094704379562
0.0853333333333333	-0.00004548049755474453
0.09035294117647029	-0.00003960473259124088
0.09537254901960832	-0.000040251164525547454
0.1003921568627453	-0.00004400471700729927
0.10541176470588229	-0.000043208355437956205
0.1104313725490193	-0.000038785895291970804
0.1154509803921573	-0.00003849661262773723
0.12047058823529429	-0.000041826911204379564
0.12549019607843132	-0.000033074471638686136
0.1305098039215683	-0.00003906865189781022
0.1355294117647063	-0.00003790186704379563
0.1405490196078433	-0.000037044295437956203
0.14556862745098031	-0.000038124453394160584
0.1505882352941173	-0.00003348162574452555
0.1556078431372553	-0.00003365490775912409
0.1606274509803923	-0.000026627454879562044
0.1656470588235293	-0.000026494112328467156
0.1706666666666663	-0.0000376051794890511
0.1756862745098043	-0.000035975201288321176
0.1807058823529413	-0.00003996345682481752
0.18572549019607829	-0.00004119008127737227
0.1907450980392153	-0.000029585189627737228
0.1957647058823533	-0.00003447314031021898
0.20078431372549033	-0.00003337680858394161
0.20580392156862728	-0.000024154392908759127
0.2108235294117643	-0.00003620939750729927
0.21584313725490228	-0.00003411373082846716
0.2208627450980393	-0.000031606831255474456
0.2258823529411763	-0.000030321209098540152
0.2309019607843133	-0.000029139251167883214
0.23592156862745126	-0.00002864365812773723
0.24094117647058833	-0.000030908732518248176
0.24596078431372528	-0.000028111671445255474
0.25098039215686224	-0.000028911537496350367
0.2560000000000002	-0.00002243511215693431
0.2610196078431373	-0.000019983912470802924
0.2660392156862743	-0.000020838793175182485
0.27105882352941124	-0.000030443168032846717
0.27607843137254934	-0.000026552196401459856
0.2810980392156863	-0.00002913363658759124
0.28611764705882325	-0.000032771719197080296
0.29113725490196035	-0.00003341361989051095
0.29615686274509834	-0.00002789765378832117
0.3011764705882353	-0.000026387093711678835
0.30619607843137225	-0.000023544989799270076
0.3112156862745103	-0.000020652285021897812
0.31623529411764734	-0.000026193491733576646
0.3212549019607843	-0.00002583810447810219
0.32627450980392125	-0.00002733737012773723
0.33129411764705924	-0.000022239373981751825
0.33631372549019634	-0.00002306863991970803
0.34133333333333327	-0.000024695550872262777
0.34635294117647025	-0.000027010786708029197
0.35137254901960824	-0.000018840480025547448
0.35639215686274534	-0.000025485364624087594
0.36141176470588227	-0.000028814081726277373
0.36643137254901925	-0.000027988526941605842
0.37145098039215735	-0.00003314645621167884
0.37647058823529433	-0.00002212482212408759
0.38149019607843127	-0.000026463318043795622
0.38650980392156836	-0.000021312025777372263
0.39152941176470635	-0.000021685107346715328
0.39654901960784333	-0.000017436079299270076
0.40156862745098026	-0.000018721216350364967
0.40658823529411736	-0.000020567709510948906
0.41160784313725535	-0.000022292726667883214
0.4166274509803923	-0.00001460153582481752
0.42164705882352926	-0.000014258149985401462
0.42666666666666625	-0.000021504596638686135
0.43168627450980424	-0.000023483024897810222
0.4367058823529413	-0.000022807121277372263
0.44172549019607826	-0.000016367072171532847
0.4467450980392153	-0.000022582472675182484
0.45176470588235335	-0.00002286700654379562
0.4567843137254903	-0.00002136267667153285
0.46180392156862726	-0.000011887591686131388
0.4668235294117643	-0.000014005016237226279
0.4718431372549023	-0.000012567816642335767
0.4768627450980393	-0.000023922630905109493
0.48188235294117626	-0.00001909432837591241
0.4869019607843133	-0.000021022797500000005
0.4919215686274513	-0.000016915107514598542
0.4969411764705883	-0.00002151508400729927
0.5019607843137253	-0.000022026061142335768
0.5069803921568623	-0.00001880393628832117
0.5120000000000003	-0.000017743460886861315
0.5170196078431373	-0.000018541828124087595
0.5220392156862742	-0.000024789476047445258
0.5270588235294112	-0.00001941264981021898
0.5320784313725493	-0.000017779020281021898
0.5370980392156862	-0.000017557759788321168
0.5421176470588234	-0.000017003934748175184
0.5471372549019603	-0.000013677689934306571
0.5521568627450982	-0.000021908624762773723
0.5571764705882353	-0.000018727194218978105
0.5621960784313723	-0.000017205468058394162
0.5672156862745092	-0.000018308934937956205
0.5722352941176473	-0.000018892103302919707
0.5772549019607842	-0.00002045438237591241
0.5822745098039213	-0.000012034762948905112
0.5872941176470583	-0.000014804030638686132
0.5923137254901962	-0.00002203394896715329
0.5973333333333333	-0.0000152919653540146