0.	-0.00006403409653284673
0.005019607843137197	-0.00006694331656934307
0.010039215686274503	-0.00006881708211678832
0.0150588235294117	-0.00006981633003649637
0.020078431372549006	-0.00008310875751824818
0.0250980392156862	-0.00008198322171532847
0.030117647058823502	-0.0000805354988321168
0.0351372549019607	-0.00008404975390510949
0.040156862745098	-0.00009302510832116788
0.0451764705882353	-0.00009219013861313869
0.0501960784313725	-0.00008268070047445256
0.0552156862745098	-0.00009135914543795621
0.0602352941176473	-0.00008534392302919709
0.0652549019607843	-0.0000849098445620438
0.07027450980392129	-0.00008789470594890512
0.07529411764705929	-0.00008592549901459855
0.0803137254901963	-0.00009116734032846717
0.0853333333333333	-0.0000839789679562044
0.09035294117647029	-0.00008259158934306569
0.09537254901960832	-0.00007163944905109489
0.1003921568627453	-0.00007940588208029198
0.10541176470588229	-0.00008134626124087591
0.1104313725490193	-0.00007821511178832118
0.1154509803921573	-0.00007472889266423358
0.12047058823529429	-0.00007576933740875913
0.12549019607843132	-0.00006714673806569344
0.1305098039215683	-0.00006472447492700731
0.1355294117647063	-0.00007000586846715329
0.1405490196078433	-0.00006524209558394161
0.14556862745098031	-0.00006215639791970803
0.1505882352941173	-0.00006588664802919709
0.1556078431372553	-0.0000529097640510949
0.1606274509803923	-0.000057974531715328475
0.1656470588235293	-0.00006402133591240876
0.1706666666666663	-0.00005886633467153285
0.1756862745098043	-0.00005540868660583942
0.1807058823529413	-0.000051458525839416065
0.18572549019607829	-0.000056811083832116794
0.1907450980392153	-0.00005159661281021898
0.1957647058823533	-0.000047447198503649636
0.20078431372549033	-0.00005492381372262774
0.20580392156862728	-0.00004611532616788321
0.2108235294117643	-0.000043850354051094895
0.21584313725490228	-0.000048336478029197084
0.2208627450980393	-0.00004232398350364964
0.2258823529411763	-0.00003856677642335767
0.2309019607843133	-0.000029330166587591244
0.23592156862745126	-0.00003764458817518248
0.24094117647058833	-0.000051850885364963506
0.24596078431372528	-0.000040911105437956206
0.25098039215686224	-0.000041958615729927006
0.2560000000000002	-0.000043774120985401464
0.2610196078431373	-0.000035997054872262774
0.2660392156862743	-0.000031467600025547445
0.27105882352941124	-0.00004229823602189782
0.27607843137254934	-0.00003532528442335767
0.2810980392156863	-0.00003477247309489051
0.28611764705882325	-0.00004485726791970803
0.29113725490196035	-0.000033653421992700736
0.29615686274509834	-0.000026310767135036498
0.3011764705882353	-0.000029907341857664237
0.30619607843137225	-0.00003285700604744526
0.3112156862745103	-0.00003252429248540146
0.31623529411764734	-0.000026610504536496354
0.3212549019607843	-0.0000329626259160584
0.32627450980392125	-0.00003749747781021898
0.33129411764705924	-0.00003291754174452555
0.33631372549019634	-0.000033032280686131386
0.34133333333333327	-0.000024824451357664238
0.34635294117647025	-0.000029419723653284676
0.35137254901960824	-0.000030209979000000003
0.35639215686274534	-0.000020187982240875914
0.36141176470588227	-0.000023618001138686133
0.36643137254901925	-0.0000312550964160584
0.37145098039215735	-0.000027317265525547448
0.37647058823529433	-0.000031532231908759126
0.38149019607843127	-0.000023786412540145988
0.38650980392156836	-0.000027929842470802924
0.39152941176470635	-0.00003549847724817519
0.39654901960784333	-0.000025652938514598543
0.40156862745098026	-0.00002564858998540146
0.40658823529411736	-0.000031152147879562046
0.41160784313725535	-0.00003518612715328468
0.4166274509803923	-0.00003124288181386861
0.42164705882352926	-0.00002279029275547445
0.42666666666666625	-0.000020750228069343067
0.43168627450980424	-0.000016466466178832117
0.4367058823529413	-0.000023434444934306574
0.44172549019607826	-0.000021032558306569346
0.4467450980392153	-0.000024718522591240877
0.45176470588235335	-0.00002623319843430657
0.4567843137254903	-0.000024964678897810223
0.46180392156862726	-0.0000244241278540146
0.4668235294117643	-0.000028653492894160587
0.4718431372549023	-0.000023362738806569346
0.4768627450980393	-0.000025139211737226278
0.48188235294117626	-0.00002157416874452555
0.4869019607843133	-0.000024019512383211684
0.4919215686274513	-0.000025092208908759127
0.4969411764705883	-0.000029368935711678832
0.5019607843137253	-0.00001618370305109489
0.5069803921568623	-0.000021640203729927012
0.5120000000000003	-0.00001927205681021898
0.5170196078431373	-0.000017992197160583944
0.5220392156862742	-0.00001742334913868613
0.5270588235294112	-0.000026813715043795623
0.5320784313725493	-0.00002844056073722628
0.5370980392156862	-0.00002163265960948905
0.5421176470588234	-0.000024469575306569344
0.5471372549019603	-0.000015145776262773724
0.5521568627450982	-0.00002803169462773723
0.5571764705882353	-0.00001631186282481752
0.5621960784313723	-0.000016344089576642336
0.5672156862745092	-0.000016774829937956205
0.5722352941176473	-0.000014790579350364965
0.5772549019607842	-0.000019233152813868612
0.5822745098039213	-0.000026644566197080297
0.5872941176470583	-0.000023740906350364968
0.5923137254901962	-0.000019755359113138687
0.5973333333333333	-9.230395956204381e-6