0.	-0.000058876419598540155
0.005019607843137197	-0.00005240257204379563
0.010039215686274503	-0.00004844134740875913
0.0150588235294117	-0.000059070996131386865
0.020078431372549006	-0.00005147767762773723
0.0250980392156862	-0.000049660453832116787
0.030117647058823502	-0.00004560076843065694
0.0351372549019607	-0.00004960010521897811
0.040156862745098	-0.00005293651218978103
0.0451764705882353	-0.000051441719051094895
0.0501960784313725	-0.00005107096076642336
0.0552156862745098	-0.000046305491094890514
0.0602352941176473	-0.000047844052299270076
0.0652549019607843	-0.00004505328886861314
0.07027450980392129	-0.000036022939386861316
0.07529411764705929	-0.00004080285554744526
0.0803137254901963	-0.00004782544
0.0853333333333333	-0.00004422835624087592
0.09035294117647029	-0.00004879063500000001
0.09537254901960832	-0.00004429895076642336
0.1003921568627453	-0.00004450330770072993
0.10541176470588229	-0.00004387016277372263
0.1104313725490193	-0.00004038649317518249
0.1154509803921573	-0.000041140900912408764
0.12047058823529429	-0.000036940361459854014
0.12549019607843132	-0.00003992407861313869
0.1305098039215683	-0.000041336430255474456
0.1355294117647063	-0.000039321071021897814
0.1405490196078433	-0.00003719504733576642
0.14556862745098031	-0.000033917148616788324
0.1505882352941173	-0.00003733815069343066
0.1556078431372553	-0.00003092900462408759
0.1606274509803923	-0.000037232572153284676
0.1656470588235293	-0.00003617148329562044
0.1706666666666663	-0.000024357901437956206
0.1756862745098043	-0.000038826461240875914
0.1807058823529413	-0.000025993337594890516
0.18572549019607829	-0.00003622739636861314
0.1907450980392153	-0.00003561949425547446
0.1957647058823533	-0.000032358076014598544
0.20078431372549033	-0.00003487948083576642
0.20580392156862728	-0.000029636075463503653
0.2108235294117643	-0.000026677109463503653
0.21584313725490228	-0.00003392834732846716
0.2208627450980393	-0.000023536875733576645
0.2258823529411763	-0.000041852288868613144
0.2309019607843133	-0.000024529693335766426
0.23592156862745126	-0.000031019464459854016
0.24094117647058833	-0.000030138074916058395
0.24596078431372528	-0.00003122293601094891
0.25098039215686224	-0.00002571249747810219
0.2560000000000002	-0.000027764030616788324
0.2610196078431373	-0.000035910051667883215
0.2660392156862743	-0.000027837727193430656
0.27105882352941124	-0.00003320775980656935
0.27607843137254934	-0.000025665209675182486
0.2810980392156863	-0.000022719374102189782
0.28611764705882325	-0.000025792807124087593
0.29113725490196035	-0.000032912310021897815
0.29615686274509834	-0.00002771544413138686
0.3011764705882353	-0.00003131750726277373
0.30619607843137225	-0.00002629869393065694
0.3112156862745103	-0.000026808211401459856
0.31623529411764734	-0.00003463252182481752
0.3212549019607843	-0.000024335549697080294
0.32627450980392125	-0.000025304686412408758
0.33129411764705924	-0.000022274083901459857
0.33631372549019634	-0.00002889093909124088
0.34133333333333327	-0.000013984291656934308
0.34635294117647025	-0.000020427777821167883
0.35137254901960824	-0.00002614069376642336
0.35639215686274534	-0.000011186420266423358
0.36141176470588227	-0.000030006413912408763
0.36643137254901925	-0.000027317293802919713
0.37145098039215735	-0.000021539835164233575
0.37647058823529433	-0.000017642373368613138
0.38149019607843127	-0.00002193408725912409
0.38650980392156836	-0.00001726336287591241
0.39152941176470635	-0.00001352669875182482
0.39654901960784333	-0.000029396673624087593
0.40156862745098026	-0.000022206389120437956
0.40658823529411736	-0.000023122221014598543
0.41160784313725535	-0.000029769400609489052
0.4166274509803923	-0.000022174050339416058
0.42164705882352926	-0.00002254271594160584
0.42666666666666625	-0.000013572061364963505
0.43168627450980424	-0.00002351588358759124
0.4367058823529413	-0.00001782756434671533
0.44172549019607826	-0.000023752179025547447
0.4467450980392153	-9.033422726277373e-6
0.45176470588235335	-0.00002553253060583942
0.4567843137254903	-0.000021666305777372263
0.46180392156862726	-0.00002084140359854015
0.4668235294117643	-0.000029443769992700733
0.4718431372549023	-0.000029035678310218983
0.4768627450980393	-0.000015449563083941606
0.48188235294117626	-0.00001939792920072993
0.4869019607843133	-0.000018502656562043797
0.4919215686274513	-0.000019958114970802922
0.4969411764705883	-0.000015778573105839417
0.5019607843137253	-0.000026137324145985404
0.5069803921568623	-0.000020784252751824817
0.5120000000000003	-0.000024817250941605843
0.5170196078431373	-0.000016461872923357666
0.5220392156862742	-0.000016304307828467156
0.5270588235294112	-0.00001729571253649635
0.5320784313725493	-9.283440824817519e-6
0.5370980392156862	-0.00001709842551459854
0.5421176470588234	-0.000012224366631386863
0.5471372549019603	-0.000027677205791970805
0.5521568627450982	-0.000019929380748175184
0.5571764705882353	-0.000019301598091240877
0.5621960784313723	-0.000025333161770072994
0.5672156862745092	-0.000020595071091240877
0.5722352941176473	-0.00002001671460583942
0.5772549019607842	-0.000016174815649635037
0.5822745098039213	-0.000017475108379562047
0.5872941176470583	-0.000015167751667883214
0.5923137254901962	-0.000016420283456204383
0.5973333333333333	-0.00001662578460948905