0.	-0.00006560176828467154
0.005019607843137197	-0.00008513228737226277
0.010039215686274503	-0.00008869820266423358
0.0150588235294117	-0.00009422431025547445
0.020078431372549006	-0.00010181308664233577
0.0250980392156862	-0.00012052715259124089
0.030117647058823502	-0.00012553828474452556
0.0351372549019607	-0.0001309788662043796
0.040156862745098	-0.00012575456697080294
0.0451764705882353	-0.00012573540645985403
0.0501960784313725	-0.00013257013620437958
0.0552156862745098	-0.00012402879930656935
0.0602352941176473	-0.0001384635998540146
0.0652549019607843	-0.0001406026321532847
0.07027450980392129	-0.00014662439806569343
0.07529411764705929	-0.00012777492076642338
0.0803137254901963	-0.00013439538704379563
0.0853333333333333	-0.00012810290295620438
0.09035294117647029	-0.00012183027547445257
0.09537254901960832	-0.000126030819270073
0.1003921568627453	-0.00012241942167883212
0.10541176470588229	-0.00012024353021897812
0.1104313725490193	-0.00010989746908759125
0.1154509803921573	-0.00010911343740875914
0.12047058823529429	-0.00010122615054744526
0.12549019607843132	-0.00010703898693430658
0.1305098039215683	-0.00009760996722627739
0.1355294117647063	-0.00009188958328467154
0.1405490196078433	-0.0000895593549270073
0.14556862745098031	-0.00009535457094890512
0.1505882352941173	-0.00008304516762773723
0.1556078431372553	-0.00007284431996350366
0.1606274509803923	-0.00007726255996350365
0.1656470588235293	-0.00007370587682481753
0.1706666666666663	-0.00007353826160583943
0.1756862745098043	-0.00007168787240875913
0.1807058823529413	-0.0000676019739781022
0.18572549019607829	-0.00006225159135036497
0.1907450980392153	-0.00006490456361313869
0.1957647058823533	-0.0000698068237591241
0.20078431372549033	-0.0000661172440510949
0.20580392156862728	-0.000053067020255474454
0.2108235294117643	-0.00005583148368613139
0.21584313725490228	-0.00006321254003649636
0.2208627450980393	-0.000053323489890510954
0.2258823529411763	-0.0000641021502189781
0.2309019607843133	-0.000048931976313868614
0.23592156862745126	-0.00005186779656934307
0.24094117647058833	-0.00005192853237226278
0.24596078431372528	-0.00005066996507299271
0.25098039215686224	-0.00004440167525547446
0.2560000000000002	-0.00004717627580291971
0.2610196078431373	-0.00004737923616788322
0.2660392156862743	-0.000041963223138686136
0.27105882352941124	-0.00004172325135036497
0.27607843137254934	-0.000038364068430656934
0.2810980392156863	-0.00004589386664233577
0.28611764705882325	-0.00003942445248175183
0.29113725490196035	-0.00003638935567518248
0.29615686274509834	-0.000026726877167883215
0.3011764705882353	-0.00004286019036496351
0.30619607843137225	-0.00003866654244525548
0.3112156862745103	-0.000045225233065693435
0.31623529411764734	-0.000032053766025547444
0.3212549019607843	-0.00003570831822627738
0.32627450980392125	-0.00002726306662773723
0.33129411764705924	-0.000031762064372262774
0.33631372549019634	-0.00004481761124087592
0.34133333333333327	-0.00003530234533576643
0.34635294117647025	-0.00003785271715328467
0.35137254901960824	-0.00003117030336861314
0.35639215686274534	-0.000029308032379562046
0.36141176470588227	-0.00002911205274452555
0.36643137254901925	-0.00003076994288686132
0.37145098039215735	-0.000030253020514598544
0.37647058823529433	-0.0000341101088649635
0.38149019607843127	-0.000021976996076642335
0.38650980392156836	-0.000024694915671532848
0.39152941176470635	-0.000028218890193430657
0.39654901960784333	-0.000034445363240875915
0.40156862745098026	-0.00002334237098540146
0.40658823529411736	-0.000033141320204379565
0.41160784313725535	-0.00003113446662043796
0.4166274509803923	-0.000026264745386861315
0.42164705882352926	-0.00002758154251459854
0.42666666666666625	-0.00003485615236131387
0.43168627450980424	-0.000024271805357664237
0.4367058823529413	-0.000027273917284671534
0.44172549019607826	-0.000024655613587591242
0.4467450980392153	-0.000028674219645985404
0.45176470588235335	-0.00002106668087591241
0.4567843137254903	-0.0000203337090729927
0.46180392156862726	-0.000022514116591240875
0.4668235294117643	-0.00003084640433211679
0.4718431372549023	-0.000018334473572992705
0.4768627450980393	-0.00002906616804379562
0.48188235294117626	-0.000025143610299270074
0.4869019607843133	-0.000024242586029197082
0.4919215686274513	-0.000022095907343065696
0.4969411764705883	-0.000019199937364963505
0.5019607843137253	-0.00002829985679562044
0.5069803921568623	-0.000021341408255474455
0.5120000000000003	-0.000026748250000000003
0.5170196078431373	-0.000014543585532846717
0.5220392156862742	-0.0000176422624270073
0.5270588235294112	-0.000015012229229927008
0.5320784313725493	-0.000019838820843065698
0.5370980392156862	-0.000025924254941605842
0.5421176470588234	-0.000030653787791970804
0.5471372549019603	-0.00001822869272992701
0.5521568627450982	-0.00001959299083941606
0.5571764705882353	-0.00002290519702189781
0.5621960784313723	-0.00002393412328832117
0.5672156862745092	-0.000022760470854014604
0.5722352941176473	-0.0000194181665
0.5772549019607842	-0.000023176600463503653
0.5822745098039213	-0.000022955362813868616
0.5872941176470583	-0.000011230974737226278
0.5923137254901962	-0.000012159356237226278
0.5973333333333333	-0.000021272314726277377