0.0150588235294117	-0.0001059369642538524
0.020078431372549006	-0.00011086547364963503
0.0250980392156862	-0.00011453926224655312
0.030117647058823502	-0.0001188130854379562
0.0351372549019607	-0.0001204722834509327
0.040156862745098	-0.00012321063105028387
0.0451764705882353	-0.00012508986833333332
0.0501960784313725	-0.00012806665578264396
0.0552156862745098	-0.00012968509736820762
0.0602352941176473	-0.00013078830731549066
0.0652549019607843	-0.00013041105487023518
0.07027450980392129	-0.0001274402597891322
0.07529411764705929	-0.00012472838187347932
0.0803137254901963	-0.00012142531869829685
0.0853333333333333	-0.00011871123352798053
0.09035294117647029	-0.00011558997563665855
0.09537254901960832	-0.00011477816520681264
0.1003921568627453	-0.00011447736139902676
0.10541176470588229	-0.0001111676542133009
0.1104313725490193	-0.00010415296195052717
0.1154509803921573	-0.00009837931186942417
0.12047058823529429	-0.0000958376460624493
0.12549019607843132	-0.00009606142886861314
0.1305098039215683	-0.00009343880225871856
0.1355294117647063	-0.0000886168208191403
0.1405490196078433	-0.00008181710216139496
0.14556862745098031	-0.00007645798522708839
0.1505882352941173	-0.00007260437768450932
0.1556078431372553	-0.00006998450845904298
0.1606274509803923	-0.00006898801644768856
0.1656470588235293	-0.00006961660374290348
0.1706666666666663	-0.0000713066052189781
0.1756862745098043	-0.00007111865431873478
0.1807058823529413	-0.0000689596203568532
0.18572549019607829	-0.00006513389212084347
0.1907450980392153	-0.00006130402298459042
0.1957647058823533	-0.000057081480093268455
0.20078431372549033	-0.00005316577350364964
0.20580392156862728	-0.000051001019339010545
0.2108235294117643	-0.000051331575681265204
0.21584313725490228	-0.00005239271335360908
0.2208627450980393	-0.0000518717900243309
0.2258823529411763	-0.000049128196918085965
0.2309019607843133	-0.0000476324350324412
0.23592156862745126	-0.00004741797771695052
0.24094117647058833	-0.000048768783815896185
0.24596078431372528	-0.000047679539626926194
0.25098039215686224	-0.00004607309582725061
0.2560000000000002	-0.00004374398801297648
0.2610196078431373	-0.000043244674152473633
0.2660392156862743	-0.00004244063239578264
0.27105882352941124	-0.00004133388387631791
0.27607843137254934	-0.00003775698932522303
0.2810980392156863	-0.000034485379804541766
0.28611764705882325	-0.00003255215560178426
0.29113725490196035	-0.000033581647701540957
0.29615686274509834	-0.000034722453530008115
0.3011764705882353	-0.00003492406346350365
0.30619607843137225	-0.00003418804520194647
0.3112156862745103	-0.00003422686677737226
0.31623529411764734	-0.00003480290892862936
0.3212549019607843	-0.00003510055291524736
0.32627450980392125	-0.00003460351495377128
0.33129411764705924	-0.000034296837697891324
0.33631372549019634	-0.00003427327767031631
0.34133333333333327	-0.00003444085543025142
0.34635294117647025	-0.00003326527998175183
0.35137254901960824	-0.00003207842750851581
0.35639215686274534	-0.000030781687128548256
0.36141176470588227	-0.000029268282899026767
0.36643137254901925	-0.000028609534588402273
0.37145098039215735	-0.00002913380505515004
0.37647058823529433	-0.000031686816289132196
0.38149019607843127	-0.00003356322174817518
0.38650980392156836	-0.00003288670951297648
0.39152941176470635	-0.0000308043564703974
0.39654901960784333	-0.00002733247002595296
0.40156862745098026	-0.000026086974173154905
0.40658823529411736	-0.000026141374167883213
0.41160784313725535	-0.00002722679070194647
0.4166274509803923	-0.00002692373226317924
0.42164705882352926	-0.000025534335182887267
0.42666666666666625	-0.000024313754360908357
0.43168627450980424	-0.000024179054147607462
0.4367058823529413	-0.000024246775755474454
0.44172549019607826	-0.000026166433978913217
0.4467450980392153	-0.000028236123571370637
0.45176470588235335	-0.000030211149337793995
0.4567843137254903	-0.000028899971874290344
0.46180392156862726	-0.000025754543285077046
0.4668235294117643	-0.000023114157467964316
0.4718431372549023	-0.000022811055643146797
0.4768627450980393	-0.000024621720152473645
0.48188235294117626	-0.00002610183678304947
0.4869019607843133	-0.00002591676037266829
0.4919215686274513	-0.000023428717959042986
0.4969411764705883	-0.000019456168450527166
0.5019607843137253	-0.000016706091353609084
0.5069803921568623	-0.000016883979071370643
0.5120000000000003	-0.0000192680021946472
0.5170196078431373	-0.000021134364537307375
0.5220392156862742	-0.000022613356148824003
0.5270588235294112	-0.000022891455807380373
0.5320784313725493	-0.000022842419264395783
0.5370980392156862	-0.00002042566664071371
0.5421176470588234	-0.000019646005135847525
0.5471372549019603	-0.000020091211104622872
0.5521568627450982	-0.00002142216916626115
0.5571764705882353	-0.00002070713072222222
0.5621960784313723	-0.00001884771717923763
0.5672156862745092	-0.000017894058210867802
0.5722352941176473	-0.000018055661605839415
0.5772549019607842	-0.00001889618752595296
0.5822745098039213	-0.000021373806981751825