0.0150588235294117	-0.00009354578027169505
0.020078431372549006	-0.00009886274469180859
0.0250980392156862	-0.00010488880811841038
0.030117647058823502	-0.00011018396584347121
0.0351372549019607	-0.00011532553791159772
0.040156862745098	-0.0001204270951054339
0.0451764705882353	-0.00012340099754663418
0.0501960784313725	-0.00012491278693836172
0.0552156862745098	-0.0001249914070600162
0.0602352941176473	-0.00012533545010137874
0.0652549019607843	-0.00012488399688564476
0.07027450980392129	-0.0001240974592133009
0.07529411764705929	-0.00012246437605839417
0.0803137254901963	-0.00012099588197080293
0.0853333333333333	-0.00011791030759124089
0.09035294117647029	-0.00011576235729521495
0.09537254901960832	-0.00011273876110705596
0.1003921568627453	-0.00011097427412003246
0.10541176470588229	-0.00010876964671532847
0.1104313725490193	-0.00010658607381995133
0.1154509803921573	-0.00010365585534468775
0.12047058823529429	-0.00010069433210462286
0.12549019607843132	-0.00009864550728304947
0.1305098039215683	-0.00009703680257502027
0.1355294117647063	-0.00009381685137875103
0.1405490196078433	-0.00008973195992295215
0.14556862745098031	-0.00008494831253446876
0.1505882352941173	-0.00008185455689375506
0.1556078431372553	-0.00007951409277777777
0.1606274509803923	-0.0000792328004298459
0.1656470588235293	-0.00007837444761962692
0.1706666666666663	-0.00007708186023114355
0.1756862745098043	-0.00007310692073398215
0.1807058823529413	-0.00006968450904298461
0.18572549019607829	-0.00006635103830900243
0.1907450980392153	-0.00006382204271695053
0.1957647058823533	-0.00006118281043795619
0.20078431372549033	-0.000058604357976480134
0.20580392156862728	-0.000057787628353609075
0.2108235294117643	-0.000057523048994322784
0.21584313725490228	-0.000057571611557177615
0.2208627450980393	-0.000056791699042984595
0.2258823529411763	-0.00005427707817923763
0.2309019607843133	-0.000052693407416869425
0.23592156862745126	-0.00004990322262773722
0.24094117647058833	-0.00004982519371857259
0.24596078431372528	-0.00004696742969343066
0.25098039215686224	-0.000045632929800486624
0.2560000000000002	-0.00004214986035360909
0.2610196078431373	-0.00004115662677493917
0.2660392156862743	-0.000041068454193836174
0.27105882352941124	-0.0000418238038430657
0.27607843137254934	-0.000042789328993511754
0.2810980392156863	-0.00004181396255433901
0.28611764705882325	-0.00004171879622465531
0.29113725490196035	-0.00004036448322343877
0.29615686274509834	-0.00003949473181184104
0.3011764705882353	-0.00003812159766301703
0.30619607843137225	-0.00003811518835279805
0.3112156862745103	-0.0000387869271407137
0.31623529411764734	-0.00003975811618410381
0.3212549019607843	-0.000039451117455393345
0.32627450980392125	-0.00003935681932684509
0.33129411764705924	-0.00003756726334184914
0.33631372549019634	-0.000037884307600162205
0.34133333333333327	-0.00003774564365490673
0.34635294117647025	-0.00003772955644444444
0.35137254901960824	-0.00003548414965166261
0.35639215686274534	-0.000032120313666666667
0.36141176470588227	-0.00003072034776034063
0.36643137254901925	-0.000029999462212895374
0.37145098039215735	-0.000031071972625304137
0.37647058823529433	-0.00003138424585482563
0.38149019607843127	-0.00003164447161232766
0.38650980392156836	-0.00003160972254014599
0.39152941176470635	-0.00003191478907137064
0.39654901960784333	-0.00003155661591524736
0.40156862745098026	-0.00003095819156326034
0.40658823529411736	-0.00003018338193673966
0.41160784313725535	-0.00003073902049391728
0.4166274509803923	-0.000028631246894160577
0.42164705882352926	-0.000025912636144768856
0.42666666666666625	-0.000022679689760746144
0.43168627450980424	-0.000022898498387672342
0.4367058823529413	-0.00002351408300162206
0.44172549019607826	-0.00002573807502757502
0.4467450980392153	-0.000028256566085969182
0.45176470588235335	-0.00003173596402230332
0.4567843137254903	-0.00003200393596472019
0.46180392156862726	-0.00002997090612652068
0.4668235294117643	-0.00002711044707502027
0.4718431372549023	-0.000025761536196269263
0.4768627450980393	-0.000025564936100567722
0.48188235294117626	-0.000023853975587591242
0.4869019607843133	-0.000023598074429440394
0.4919215686274513	-0.000022747894659772912
0.4969411764705883	-0.000023202625890916463
0.5019607843137253	-0.00001971378571978913
0.5069803921568623	-0.000017907911698296833
0.5120000000000003	-0.000016142047717761555
0.5170196078431373	-0.000018638236582319545
0.5220392156862742	-0.000019784673432278992
0.5270588235294112	-0.000021109800704785076
0.5320784313725493	-0.000020009041413219785
0.5370980392156862	-0.00001910060571654501
0.5421176470588234	-0.000018418595641524736
0.5471372549019603	-0.000019581971231549064
0.5521568627450982	-0.000021329246587591236
0.5571764705882353	-0.00002149853248053528
0.5621960784313723	-0.000020256335911597726
0.5672156862745092	-0.000017776529864963504
0.5722352941176473	-0.0000173936954675588
0.5772549019607842	-0.00001811263262489862
0.5822745098039213	-0.000020525134489051095