0.0150588235294117	-0.00009787637821978914
0.020078431372549006	-0.00010799043369424168
0.0250980392156862	-0.00011603206613138686
0.030117647058823502	-0.00012266470181265205
0.0351372549019607	-0.0001269603558759124
0.040156862745098	-0.00013190897905920518
0.0451764705882353	-0.00013613354067721004
0.0501960784313725	-0.00013946732369018652
0.0552156862745098	-0.0001404941623438767
0.0602352941176473	-0.0001413295168491484
0.0652549019607843	-0.00014103981893755067
0.07027450980392129	-0.00014131459393349553
0.07529411764705929	-0.0001404394314517437
0.0803137254901963	-0.00013970962115571775
0.0853333333333333	-0.0001370250724249797
0.09035294117647029	-0.00013341315953771288
0.09537254901960832	-0.00012944577190186535
0.1003921568627453	-0.00012483210169099754
0.10541176470588229	-0.00011972923638686132
0.1104313725490193	-0.00011441301642335766
0.1154509803921573	-0.00011081397195052717
0.12047058823529429	-0.0001084613152270884
0.12549019607843132	-0.00010636272607866991
0.1305098039215683	-0.00010367515216139496
0.1355294117647063	-0.00010123921619626926
0.1405490196078433	-0.00009802990779399837
0.14556862745098031	-0.00009590913876317923
0.1505882352941173	-0.000092988980081103
0.1556078431372553	-0.00009003112399837794
0.1606274509803923	-0.00008522300341849148
0.1656470588235293	-0.0000805394903811841
0.1706666666666663	-0.00007704622408759124
0.1756862745098043	-0.00007360571636658556
0.1807058823529413	-0.00007074397265206811
0.18572549019607829	-0.0000683590163057583
0.1907450980392153	-0.00006754403228304947
0.1957647058823533	-0.00006641380156123276
0.20078431372549033	-0.00006329175377534467
0.20580392156862728	-0.00005976803352798053
0.2108235294117643	-0.000056651564314679645
0.21584313725490228	-0.00005515554960665044
0.2208627450980393	-0.0000543391859245742
0.2258823529411763	-0.00005338824530008111
0.2309019607843133	-0.0000540902898864558
0.23592156862745126	-0.00005395175670316302
0.24094117647058833	-0.00005366491527169506
0.24596078431372528	-0.00005052788220600162
0.25098039215686224	-0.00004805316406326034
0.2560000000000002	-0.00004728532087996756
0.2610196078431373	-0.00004771835128548257
0.2660392156862743	-0.000047785261248986214
0.27105882352941124	-0.00004593509440794809
0.27607843137254934	-0.000043994650936739656
0.2810980392156863	-0.00004216047292781832
0.28611764705882325	-0.00004129735996350365
0.29113725490196035	-0.00004069716004460666
0.29615686274509834	-0.000039886710178832114
0.3011764705882353	-0.00003793475933698297
0.30619607843137225	-0.00003622497012935929
0.3112156862745103	-0.000035062456944444445
0.31623529411764734	-0.000035684574503244123
0.3212549019607843	-0.0000361070409136253
0.32627450980392125	-0.00003544729024939173
0.33129411764705924	-0.00003314033404541768
0.33631372549019634	-0.000030012068860908353
0.34133333333333327	-0.00002830772214274128
0.34635294117647025	-0.000027557600105839418
0.35137254901960824	-0.00002745899188321168
0.35639215686274534	-0.000027779602511759935
0.36141176470588227	-0.000028747466648824008
0.36643137254901925	-0.00003057135210097323
0.37145098039215735	-0.00003134345727899432
0.37647058823529433	-0.000031393684948094075
0.38149019607843127	-0.000030681257168694244
0.38650980392156836	-0.000029740774912003245
0.39152941176470635	-0.000027789526709651257
0.39654901960784333	-0.000026545175575020276
0.40156862745098026	-0.00002601933039497161
0.40658823529411736	-0.000026446812441200324
0.41160784313725535	-0.00002515727078507705
0.4166274509803923	-0.000023758146255879967
0.42164705882352926	-0.000023109195972830495
0.42666666666666625	-0.00002551784625587997
0.43168627450980424	-0.000027991807856853204
0.4367058823529413	-0.00003051688926317923
0.44172549019607826	-0.00003118249960056772
0.4467450980392153	-0.000032408261386050274
0.45176470588235335	-0.00003311793226966747
0.4567843137254903	-0.00003219825362935928
0.46180392156862726	-0.000029406939593268447
0.4668235294117643	-0.000025276023009326845
0.4718431372549023	-0.000023525236151662613
0.4768627450980393	-0.000022137950613138684
0.48188235294117626	-0.000021502613078669908
0.4869019607843133	-0.00002024936705068937
0.4919215686274513	-0.000020589249727088403
0.4969411764705883	-0.00002165013807948094
0.5019607843137253	-0.000022824287100162207
0.5069803921568623	-0.000024220675640713707
0.5120000000000003	-0.000026189824331711272
0.5170196078431373	-0.00002736237990754258
0.5220392156862742	-0.000025115726274939175
0.5270588235294112	-0.000023250706005271696
0.5320784313725493	-0.00002131465022060016
0.5370980392156862	-0.000023009938774533654
0.5421176470588234	-0.000021620580366180044
0.5471372549019603	-0.00002099659067437145
0.5521568627450982	-0.0000195533618487429
0.5571764705882353	-0.000019314288972019465
0.5621960784313723	-0.000019516980899432277
0.5672156862745092	-0.00001922099368410381
0.5722352941176473	-0.000019535680103811838
0.5772549019607842	-0.000019078308115977288
0.5822745098039213	-0.0000185914717108678