0.0150588235294117	-0.00010358431623276562
0.020078431372549006	-0.0001090769698134631
0.0250980392156862	-0.00011591273212489863
0.030117647058823502	-0.00012114439663828063
0.0351372549019607	-0.00012507996806163828
0.040156862745098	-0.00012649158684509325
0.0451764705882353	-0.00012760142243309
0.0501960784313725	-0.00013005455527980537
0.0552156862745098	-0.00013248460232360098
0.0602352941176473	-0.00013294818916869425
0.0652549019607843	-0.00012982117287915654
0.07027450980392129	-0.0001258740836942417
0.07529411764705929	-0.00012353032464720192
0.0803137254901963	-0.00012238318419302514
0.0853333333333333	-0.00012081478053527981
0.09035294117647029	-0.00011852758063665854
0.09537254901960832	-0.000116461713621249
0.1003921568627453	-0.00011479212226277371
0.10541176470588229	-0.0001114145305596107
0.1104313725490193	-0.00010648646203568532
0.1154509803921573	-0.00010031393844687754
0.12047058823529429	-0.00009592013347931873
0.12549019607843132	-0.00009177316231954582
0.1305098039215683	-0.0000900890695782644
0.1355294117647063	-0.00008635366824006488
0.1405490196078433	-0.0000860009856650446
0.14556862745098031	-0.00008315876549067316
0.1505882352941173	-0.0000835186885969181
0.1556078431372553	-0.00008022711224655313
0.1606274509803923	-0.00007961250859286294
0.1656470588235293	-0.00007728995583941607
0.1706666666666663	-0.00007536832771289538
0.1756862745098043	-0.00007162686972019465
0.1807058823529413	-0.00006720139259529603
0.18572549019607829	-0.00006419495945255475
0.1907450980392153	-0.0000607222052838605
0.1957647058823533	-0.000058964796411192216
0.20078431372549033	-0.000056861178337388487
0.20580392156862728	-0.000056790019188969997
0.2108235294117643	-0.00005555749278183292
0.21584313725490228	-0.00005501294077858881
0.2208627450980393	-0.00005300036263179237
0.2258823529411763	-0.00005203657389699919
0.2309019607843133	-0.00005117995460665045
0.23592156862745126	-0.00005112552440389294
0.24094117647058833	-0.000050773248386050284
0.24596078431372528	-0.00004879575866585564
0.25098039215686224	-0.000045276326274128136
0.2560000000000002	-0.00004167524615328467
0.2610196078431373	-0.000038704325387672346
0.2660392156862743	-0.000038968838521492296
0.27105882352941124	-0.00004015730389781022
0.27607843137254934	-0.0000429952149432279
0.2810980392156863	-0.000044008994720194644
0.28611764705882325	-0.000044051151593673956
0.29113725490196035	-0.000042413550474452556
0.29615686274509834	-0.00004078063845093268
0.3011764705882353	-0.00003903308730738037
0.30619607843137225	-0.000038380886808596915
0.3112156862745103	-0.00003895361638280616
0.31623529411764734	-0.00003905966503609083
0.3212549019607843	-0.00003879817491403082
0.32627450980392125	-0.00003668378691240876
0.33129411764705924	-0.000036403862858069754
0.33631372549019634	-0.00003558511934184915
0.34133333333333327	-0.00003500341281427413
0.34635294117647025	-0.00003329532207380373
0.35137254901960824	-0.00003201940078061638
0.35639215686274534	-0.0000321425624432279
0.36141176470588227	-0.00003220495685604217
0.36643137254901925	-0.00003259753489659367
0.37145098039215735	-0.00003106259033171127
0.37647058823529433	-0.000031264397251824816
0.38149019607843127	-0.000031748978660583937
0.38650980392156836	-0.00003444138233901054
0.39152941176470635	-0.000034441283481346305
0.39654901960784333	-0.000031830877158150854
0.40156862745098026	-0.000027303812662611517
0.40658823529411736	-0.00002440505013706407
0.41160784313725535	-0.000025926450840227085
0.4166274509803923	-0.000029901031765206812
0.42164705882352926	-0.00003214030757137064
0.42666666666666625	-0.000030545238935928626
0.43168627450980424	-0.000027054418710462287
0.4367058823529413	-0.000025636450072992706
0.44172549019607826	-0.000026754439118815896
0.4467450980392153	-0.00002769195274533658
0.45176470588235335	-0.000026526507066098945
0.4567843137254903	-0.00002306907136415247
0.46180392156862726	-0.00002025561550729927
0.4668235294117643	-0.000020145470062854822
0.4718431372549023	-0.00002146937684144363
0.4768627450980393	-0.000022805356340632602
0.48188235294117626	-0.00002318111165977291
0.4869019607843133	-0.00002275060369829684
0.4919215686274513	-0.000022477315676804543
0.4969411764705883	-0.00002047611849107867
0.5019607843137253	-0.0000206338000892133
0.5069803921568623	-0.000020977784633819952
0.5120000000000003	-0.00002487308062489862
0.5170196078431373	-0.000026672131533657743
0.5220392156862742	-0.000027942653360908356
0.5270588235294112	-0.000026733756596107058
0.5320784313725493	-0.000027132368338199514
0.5370980392156862	-0.000027276079584752638
0.5421176470588234	-0.000027569769266017843
0.5471372549019603	-0.00002651006249270073
0.5521568627450982	-0.000025125018775344687
0.5571764705882353	-0.000022661236975263586
0.5621960784313723	-0.00001947565948337388
0.5672156862745092	-0.000016374930992295215
0.5722352941176473	-0.000016713860864557988
0.5772549019607842	-0.000019748151446877535
0.5822745098039213	-0.000024430551305352798