0.0150588235294117	-0.00009284915424574209
0.020078431372549006	-0.00009989867148012977
0.0250980392156862	-0.0001063289636536902
0.030117647058823502	-0.0001135204598296837
0.0351372549019607	-0.00011935005320356852
0.040156862745098	-0.00012362231690997568
0.0451764705882353	-0.00012568525928629358
0.0501960784313725	-0.00012718988935117597
0.0552156862745098	-0.00012909847745336576
0.0602352941176473	-0.00013043313712084344
0.0652549019607843	-0.00013105427939578263
0.07027450980392129	-0.00012981289785482563
0.07529411764705929	-0.00012887589059610704
0.0803137254901963	-0.00012658278630981346
0.0853333333333333	-0.0001255965184509327
0.09035294117647029	-0.00012124254562854826
0.09537254901960832	-0.0001174835093349554
0.1003921568627453	-0.00011066802613949717
0.10541176470588229	-0.0001076036435482563
0.1104313725490193	-0.00010539796907948093
0.1154509803921573	-0.00010585228119626926
0.12047058823529429	-0.00010379539403487429
0.12549019607843132	-0.00010024030230738036
0.1305098039215683	-0.00009567370186942416
0.1355294117647063	-0.00009236100913219789
0.1405490196078433	-0.00008912983602189781
0.14556862745098031	-0.00008530056196674778
0.1505882352941173	-0.00008159614828061638
0.1556078431372553	-0.00007853249322384428
0.1606274509803923	-0.00007604650530819139
0.1656470588235293	-0.00007338810382806164
0.1706666666666663	-0.0000716942558434712
0.1756862745098043	-0.0000712810854379562
0.1807058823529413	-0.00007034838731549067
0.18572549019607829	-0.00006836570769261962
0.1907450980392153	-0.00006563632205596106
0.1957647058823533	-0.00006343580944849958
0.20078431372549033	-0.00006231166584752635
0.20580392156862728	-0.00006057689417680453
0.2108235294117643	-0.0000600239656244931
0.21584313725490228	-0.000058172363527980536
0.2208627450980393	-0.00005706966358069749
0.2258823529411763	-0.0000535554505920519
0.2309019607843133	-0.00005091796778588807
0.23592156862745126	-0.00004805634637469587
0.24094117647058833	-0.000046079956174776974
0.24596078431372528	-0.000045439217600973234
0.25098039215686224	-0.000046255849817923765
0.2560000000000002	-0.00004868626159935118
0.2610196078431373	-0.00004873492204663423
0.2660392156862743	-0.00004527837207218167
0.27105882352941124	-0.00004218576404703974
0.27607843137254934	-0.000039083278718572587
0.2810980392156863	-0.00004056447758718573
0.28611764705882325	-0.00003999251301297648
0.29113725490196035	-0.00004234485141119221
0.29615686274509834	-0.00004240931748580697
0.3011764705882353	-0.000043365415385239256
0.30619607843137225	-0.000041601618227899426
0.3112156862745103	-0.000039242941822384426
0.31623529411764734	-0.00003676885550040551
0.3212549019607843	-0.00003554054009489051
0.32627450980392125	-0.000035488584470802915
0.33129411764705924	-0.000033891118598134634
0.33631372549019634	-0.00003140872073965936
0.34133333333333327	-0.00002891414453406326
0.34635294117647025	-0.000030057349049878347
0.35137254901960824	-0.00003179183357583131
0.35639215686274534	-0.000032260267350770475
0.36141176470588227	-0.00003066190547607461
0.36643137254901925	-0.0000289409854785077
0.37145098039215735	-0.00002947124444768856
0.37647058823529433	-0.000030439099400243303
0.38149019607843127	-0.000031996647322384426
0.38650980392156836	-0.00003128692302230332
0.39152941176470635	-0.000030083475031224652
0.39654901960784333	-0.000029067419837793997
0.40156862745098026	-0.000029538155133819952
0.40658823529411736	-0.000030935444391321973
0.41160784313725535	-0.00003128295155555555
0.4166274509803923	-0.00003066596009326844
0.42164705882352926	-0.000027388537065287915
0.42666666666666625	-0.00002477392107137064
0.43168627450980424	-0.000023201957333333335
0.4367058823529413	-0.00002548787087266829
0.44172549019607826	-0.000027743203796836986
0.4467450980392153	-0.000028894255292781833
0.45176470588235335	-0.000026119393564476885
0.4567843137254903	-0.0000233292876946472
0.46180392156862726	-0.000021614770601784264
0.4668235294117643	-0.000023497426209651257
0.4718431372549023	-0.00002649170143268451
0.4768627450980393	-0.00002818461776317924
0.48188235294117626	-0.00002830203432076237
0.4869019607843133	-0.000024822360962692618
0.4919215686274513	-0.000022763392592051904
0.4969411764705883	-0.00002097714012530414
0.5019607843137253	-0.00002276137966666667
0.5069803921568623	-0.000023099837850364965
0.5120000000000003	-0.000023220685180048662
0.5170196078431373	-0.000022335540131386858
0.5220392156862742	-0.000023404884560016216
0.5270588235294112	-0.000022946018709651257
0.5320784313725493	-0.000022396519961070562
0.5370980392156862	-0.00001978204222343877
0.5421176470588234	-0.000020291247894971616
0.5471372549019603	-0.00002005635822019465
0.5521568627450982	-0.000021318064554744527
0.5571764705882353	-0.0000210540354351176
0.5621960784313723	-0.00002157995348945661
0.5672156862745092	-0.000020916504726682887
0.5722352941176473	-0.000020505861838199515
0.5772549019607842	-0.000020509723813057582
0.5822745098039213	-0.000022090059514598538