0.0150588235294117	-0.00007594999896188157
0.020078431372549006	-0.00008145445358475264
0.0250980392156862	-0.00008676431087996755
0.030117647058823502	-0.00009032875274533658
0.0351372549019607	-0.00009350400190592052
0.040156862745098	-0.00009659813461070561
0.0451764705882353	-0.00009920319888077859
0.0501960784313725	-0.00010026967535279806
0.0552156862745098	-0.00010098287852798054
0.0602352941176473	-0.00010216982309002432
0.0652549019607843	-0.00010483728611922141
0.07027450980392129	-0.00010607714684103813
0.07529411764705929	-0.00010656281302514193
0.0803137254901963	-0.00010507030594890512
0.0853333333333333	-0.00010376281111111111
0.09035294117647029	-0.00010180884420113544
0.09537254901960832	-0.0000994713404947283
0.1003921568627453	-0.00009775775578264397
0.10541176470588229	-0.00009661700699513382
0.1104313725490193	-0.00009620960417680455
0.1154509803921573	-0.00009359653268450931
0.12047058823529429	-0.00008988578824412004
0.12549019607843132	-0.00008535256834549879
0.1305098039215683	-0.00008265853701540956
0.1355294117647063	-0.00007978818663422546
0.1405490196078433	-0.00007712172909975668
0.14556862745098031	-0.00007478113156528791
0.1505882352941173	-0.00007278119222222221
0.1556078431372553	-0.00007172228307785887
0.1606274509803923	-0.0000698547704541768
0.1656470588235293	-0.00006902249189375508
0.1706666666666663	-0.00006668410596512571
0.1756862745098043	-0.00006294828744931062
0.1807058823529413	-0.000058785464740470405
0.18572549019607829	-0.00005646797862530414
0.1907450980392153	-0.0000562031749594485
0.1957647058823533	-0.00005517611296431468
0.20078431372549033	-0.00005234496678426602
0.20580392156862728	-0.000049755382323600974
0.2108235294117643	-0.00004942879238037307
0.21584313725490228	-0.00004998269355636659
0.2208627450980393	-0.0000501291455028386
0.2258823529411763	-0.00004804288624898621
0.2309019607843133	-0.000047816738106244925
0.23592156862745126	-0.00004650109682076236
0.24094117647058833	-0.00004562642404298459
0.24596078431372528	-0.00004213552985806975
0.25098039215686224	-0.00004029613245742093
0.2560000000000002	-0.000038930649989456615
0.2610196078431373	-0.00003923944700648824
0.2660392156862743	-0.00003859709794484996
0.27105882352941124	-0.00003826252686942417
0.27607843137254934	-0.00003689919388726683
0.2810980392156863	-0.00003590267601459854
0.28611764705882325	-0.00003516744885563666
0.29113725490196035	-0.00003557457782765613
0.29615686274509834	-0.00003587600716991079
0.3011764705882353	-0.000034970512791159774
0.30619607843137225	-0.00003366136710462287
0.3112156862745103	-0.00003279148879683698
0.31623529411764734	-0.0000330769015052717
0.3212549019607843	-0.00003344931524168694
0.32627450980392125	-0.0000334010705271695
0.33129411764705924	-0.00003352137788605028
0.33631372549019634	-0.00003258102639172749
0.34133333333333327	-0.00003225285810624493
0.34635294117647025	-0.00003075235903163017
0.35137254901960824	-0.000030045414347931875
0.35639215686274534	-0.000029027645218978105
0.36141176470588227	-0.000029578700553527983
0.36643137254901925	-0.00003066085865166261
0.37145098039215735	-0.00003102011295823196
0.37647058823529433	-0.000029970186566909978
0.38149019607843127	-0.000028316168067721007
0.38650980392156836	-0.00002759255825344688
0.39152941176470635	-0.000027215162236009735
0.39654901960784333	-0.000027645141345498782
0.40156862745098026	-0.00002855947127939984
0.40658823529411736	-0.00003068240913909164
0.41160784313725535	-0.000032236582848742896
0.4166274509803923	-0.000031462516711273315
0.42164705882352926	-0.000028748776935523112
0.42666666666666625	-0.000024284123527575023
0.43168627450980424	-0.0000220238937648013
0.4367058823529413	-0.00002058145882319546
0.44172549019607826	-0.000022352956602595292
0.4467450980392153	-0.000023881527506893754
0.45176470588235335	-0.000025200283535685323
0.4567843137254903	-0.00002523862218167072
0.46180392156862726	-0.000025062074964720197
0.4668235294117643	-0.000026061133650446067
0.4718431372549023	-0.000026215668964720192
0.4768627450980393	-0.000026106507384428225
0.48188235294117626	-0.000024170267418085967
0.4869019607843133	-0.000023364469421330087
0.4919215686274513	-0.000021903464103811842
0.4969411764705883	-0.000022015955906326034
0.5019607843137253	-0.000021877000704785078
0.5069803921568623	-0.00002200299902635848
0.5120000000000003	-0.0000218057494675588
0.5170196078431373	-0.00002129947689699919
0.5220392156862742	-0.000021919726311435523
0.5270588235294112	-0.000022104509653284673
0.5320784313725493	-0.000021454018736820765
0.5370980392156862	-0.00002058285020356853
0.5421176470588234	-0.000019766574986212492
0.5471372549019603	-0.000020827239881589617
0.5521568627450982	-0.000020152287011759936
0.5571764705882353	-0.000019137579328061638
0.5621960784313723	-0.000016683086402270883
0.5672156862745092	-0.000016457595456609894
0.5722352941176473	-0.00001647233817923763
0.5772549019607842	-0.000017191792225060827
0.5822745098039213	-0.000016201243577453366