0.0150588235294117	-0.0000823435702189781
0.020078431372549006	-0.00008128801304947282
0.0250980392156862	-0.00007997276235604216
0.030117647058823502	-0.00008018937907137063
0.0351372549019607	-0.00007725814929034873
0.040156862745098	-0.00007327568356042173
0.0451764705882353	-0.00006909878873884832
0.0501960784313725	-0.00006651814449716139
0.0552156862745098	-0.00006500008042579074
0.0602352941176473	-0.00006335969244120033
0.0652549019607843	-0.00006264502066504461
0.07027450980392129	-0.00006164397346715327
0.07529411764705929	-0.00006102577710462287
0.0803137254901963	-0.0000594355048783455
0.0853333333333333	-0.00005830836025547446
0.09035294117647029	-0.000057416186038118417
0.09537254901960832	-0.00005675888844687754
0.1003921568627453	-0.0000556887196836983
0.10541176470588229	-0.00005416855615166262
0.1104313725490193	-0.000053046252412814276
0.1154509803921573	-0.00005011210137875102
0.12047058823529429	-0.000048149692169505274
0.12549019607843132	-0.00004559086815490673
0.1305098039215683	-0.000045777004809407944
0.1355294117647063	-0.0000445353158272506
0.1405490196078433	-0.0000447356149918897
0.14556862745098031	-0.00004490928300892133
0.1505882352941173	-0.000046043638191403084
0.1556078431372553	-0.000045730449375506896
0.1606274509803923	-0.0000444711100648824
0.1656470588235293	-0.00004313934361719383
0.1706666666666663	-0.00004209604479724249
0.1756862745098043	-0.00004133260066098945
0.1807058823529413	-0.00004052165215328467
0.18572549019607829	-0.00004037018577453365
0.1907450980392153	-0.00004048710755879967
0.1957647058823533	-0.000040393940133819946
0.20078431372549033	-0.00003946694143552311
0.20580392156862728	-0.00003872386149635036
0.2108235294117643	-0.000038551845296025956
0.21584313725490228	-0.00003923344834144363
0.2208627450980393	-0.00003887258814476886
0.2258823529411763	-0.000037944840884833736
0.2309019607843133	-0.00003644590516261152
0.23592156862745126	-0.00003555921839334956
0.24094117647058833	-0.00003411211599148419
0.24596078431372528	-0.00003316527735523114
0.25098039215686224	-0.000032192242163017035
0.2560000000000002	-0.00003249807369099757
0.2610196078431373	-0.000032826016947283055
0.2660392156862743	-0.00003320116872627737
0.27105882352941124	-0.00003266478033982158
0.27607843137254934	-0.00003174729058678021
0.2810980392156863	-0.000030607623916058385
0.28611764705882325	-0.00003076897557461476
0.29113725490196035	-0.000030062459436334142
0.29615686274509834	-0.000029340381313057586
0.3011764705882353	-0.000026958104032035683
0.30619607843137225	-0.000026195214370235202
0.3112156862745103	-0.00002639126265166261
0.31623529411764734	-0.0000287853760243309
0.3212549019607843	-0.000030116921793187348
0.32627450980392125	-0.000030194064609083535
0.33129411764705924	-0.000028381417508515815
0.33631372549019634	-0.000026858275678832118
0.34133333333333327	-0.000026782289425385238
0.34635294117647025	-0.000027105550358475263
0.35137254901960824	-0.000027125299170721818
0.35639215686274534	-0.000026598401361719385
0.36141176470588227	-0.000025398350061232764
0.36643137254901925	-0.000025252162298053524
0.37145098039215735	-0.000024919867128953768
0.37647058823529433	-0.000026231424797242497
0.38149019607843127	-0.000026646975279805353
0.38650980392156836	-0.000025731707044201132
0.39152941176470635	-0.000023906116598945656
0.39654901960784333	-0.0000224707192838605
0.40156862745098026	-0.000023643899911192216
0.40658823529411736	-0.000025272083205596104
0.41160784313725535	-0.000026349698444038927
0.4166274509803923	-0.000024188854471613948
0.42164705882352926	-0.000021282483288321167
0.42666666666666625	-0.000018761949455393347
0.43168627450980424	-0.000019019307494728304
0.4367058823529413	-0.00001908716687510138
0.44172549019607826	-0.00002028277779805353
0.4467450980392153	-0.00002173857012611517
0.45176470588235335	-0.000024226047793592863
0.4567843137254903	-0.000024360894600973236
0.46180392156862726	-0.000023023903079886455
0.4668235294117643	-0.000021824649892133005
0.4718431372549023	-0.000022325638049878344
0.4768627450980393	-0.00002256423718329278
0.48188235294117626	-0.000021816003835360905
0.4869019607843133	-0.000021481756650040553
0.4919215686274513	-0.000021787214984995944
0.4969411764705883	-0.00002272692958353609
0.5019607843137253	-0.000022572211539740467
0.5069803921568623	-0.000022244062832927815
0.5120000000000003	-0.000021161497218978104
0.5170196078431373	-0.000019368732110705594
0.5220392156862742	-0.000017340206341038118
0.5270588235294112	-0.000016184729575020277
0.5320784313725493	-0.000017410197566909976
0.5370980392156862	-0.000020018961018248172
0.5421176470588234	-0.00002353477615815085
0.5471372549019603	-0.000023718086665855636
0.5521568627450982	-0.000022311597119626927
0.5571764705882353	-0.000018771453688564477
0.5621960784313723	-0.00001933015466017843
0.5672156862745092	-0.00002007482006893755
0.5722352941176473	-0.000021678917261151662
0.5772549019607842	-0.00002032880933414436
0.5822745098039213	-0.00001946985068978102